BALQB1,0,14,9,1,2,147,0,0,0,0,0,0,0,0,0,0,0,0,0,0,0,0,0,0,0,0,0,0,0,BAL,PIT,OK
BALQB2,0,0,0,0,0,0,0,0,0,0,0,0,0,0,0,0,0,0,0,0,0,0,0,0,0,0,0,0,0,BAL,PIT,OK
BALRB1,0,0,0,0,0,0,5,75,1,0,0,0,0,0,0,8,48,0,0,0,0,0,0,0,0,0,0,0,0,BAL,PIT,OK
BALRB2,0,0,0,0,0,0,0,0,0,0,0,0,0,0,0,3,8,1,0,0,0,0,0,0,0,0,0,0,0,BAL,PIT,OK
BALRB3,0,0,0,0,0,0,0,0,0,0,0,0,0,0,0,0,0,0,0,0,0,0,0,0,0,0,0,0,0,BAL,PIT,OK
BALRB4,0,0,0,0,0,0,0,0,0,0,0,0,0,0,0,0,0,0,0,0,0,0,0,0,0,0,0,0,0,BAL,PIT,OK
BALWR1,0,0,0,0,0,0,1,8,0,0,0,0,0,0,0,0,0,0,0,0,0,0,0,0,0,0,0,0,0,BAL,PIT,OK
BALWR2,0,0,0,0,0,0,2,56,0,0,0,0,0,0,0,0,0,0,0,0,0,0,0,0,0,0,0,0,0,BAL,PIT,OK
BALWR3,0,0,0,0,0,0,0,0,0,0,0,0,0,0,0,0,0,0,0,0,0,0,0,0,0,0,0,0,0,BAL,PIT,OK
BALWR4,0,0,0,0,0,0,0,0,0,6,94,0,0,0,0,0,0,0,0,0,0,0,0,0,0,0,0,0,0,BAL,PIT,OK
BALTE1,0,0,0,0,0,0,1,8,0,0,0,0,0,0,0,0,0,0,0,0,0,0,0,0,0,0,0,0,0,BAL,PIT,OK
BALTE2,0,0,0,0,0,0,0,0,0,0,0,0,0,0,0,0,0,0,0,0,0,0,0,0,0,0,0,0,0,BAL,PIT,OK
BALDL1,0,0,0,0,0,0,0,0,0,0,0,0,0,0,0,0,0,0,0,1,0,0,0,0,0,0,0,0,0,BAL,PIT,OK
BALDL2,0,0,0,0,0,0,0,0,0,0,0,0,0,0,0,0,0,0,0,0,0,0,0,0,0,0,0,0,0,BAL,PIT,OK
BALDL3,0,0,0,0,0,0,0,0,0,0,0,0,0,0,0,0,0,0,0,0,0,0,0,0,0,0,0,0,0,BAL,PIT,OK
BALLB1,0,0,0,0,0,0,0,0,0,0,0,0,0,0,0,0,0,0,0,0,0,0,0,0,0,0,0,0,0,BAL,PIT,OK
BALLB2,0,0,0,0,0,0,0,0,0,0,0,0,0,0,0,0,0,0,0,1,0,0,0,0,0,0,0,0,0,BAL,PIT,OK
BALLB3,0,0,0,0,0,0,0,0,0,0,0,0,0,0,0,0,0,0,0,0,0,0,0,0,0,0,0,0,0,BAL,PIT,OK
BALLB4,0,0,0,0,0,0,0,0,0,0,0,0,0,0,0,0,0,0,0,0,0,0,0,0,0,0,0,0,0,BAL,PIT,OK
BALDB1,0,0,0,0,0,0,0,0,0,0,0,0,0,0,0,0,0,0,0,0,0,0,0,0,0,0,0,0,0,BAL,PIT,OK
BALDB2,0,0,0,0,0,0,0,0,0,0,0,0,0,0,0,0,0,0,0,0,0,0,0,0,0,0,0,0,0,BAL,PIT,OK
BALDB3,0,0,0,0,0,0,0,0,0,0,0,0,0,0,0,0,0,0,0,0,0,0,0,0,0,0,0,0,0,BAL,PIT,OK
BALDB4,0,0,0,0,0,0,0,0,0,0,0,0,0,0,0,0,0,0,0,0,0,0,0,0,0,0,0,0,0,BAL,PIT,OK
BALK,0,0,0,0,0,0,0,0,0,0,0,0,0,0,0,0,0,0,0,0,0,0,0,2,2,0,0,0,0,BAL,PIT,OK
BALP,0,0,0,0,0,0,0,0,0,0,0,0,0,0,0,0,0,0,0,0,0,0,0,0,0,0,0,1,50,BAL,PIT,OK
PITQB1,0,11,7,1,0,200,0,0,0,0,0,0,0,0,0,0,0,0,0,0,0,0,0,0,0,0,0,0,0,PIT,BAL,OK
PITQB2,0,0,0,0,0,0,0,0,0,0,0,0,0,0,0,0,0,0,0,0,0,0,0,0,0,0,0,0,0,PIT,BAL,OK
PITRB1,0,0,0,0,0,0,0,0,0,0,0,0,0,0,0,2,-5,0,0,0,0,0,0,0,0,0,0,0,0,PIT,BAL,OK
PITRB2,0,0,0,0,0,0,0,0,0,0,0,0,0,0,0,9,38,0,0,0,0,0,0,0,0,0,0,0,0,PIT,BAL,OK
PITRB3,0,0,0,0,0,0,0,0,0,0,0,0,0,0,0,0,0,0,0,0,0,0,0,0,0,0,0,0,0,PIT,BAL,OK
PITRB4,0,0,0,0,0,0,0,0,0,0,0,0,0,0,0,0,0,0,0,0,0,0,0,0,0,0,0,0,0,PIT,BAL,OK
PITWR1,0,0,0,0,0,0,2,30,0,0,0,0,0,0,0,0,0,0,0,0,0,0,0,0,0,0,0,0,0,PIT,BAL,OK
PITWR2,0,0,0,0,0,0,3,78,0,0,0,0,0,0,0,0,0,0,0,0,0,0,0,0,0,0,0,0,0,PIT,BAL,OK
PITWR3,0,0,0,0,0,0,0,0,0,0,0,0,0,0,0,0,0,0,0,0,0,0,0,0,0,0,0,0,0,PIT,BAL,OK
PITWR4,0,0,0,0,0,0,0,0,0,3,57,0,1,14,0,0,0,0,0,0,0,0,0,0,0,0,0,0,0,PIT,BAL,OK
PITTE1,0,0,0,0,0,0,2,92,1,0,0,0,0,0,0,0,0,0,0,0,0,0,0,0,0,0,0,0,0,PIT,BAL,OK
PITTE2,0,0,0,0,0,0,0,0,0,0,0,0,0,0,0,0,0,0,0,0,0,0,0,0,0,0,0,0,0,PIT,BAL,OK
PITDL1,0,0,0,0,0,0,0,0,0,0,0,0,0,0,0,0,0,0,0,1,0,0,0,0,0,0,0,0,0,PIT,BAL,OK
PITDL2,0,0,0,0,0,0,0,0,0,0,0,0,0,0,0,0,0,0,0,0,0,0,0,0,0,0,0,0,0,PIT,BAL,OK
PITDL3,0,0,0,0,0,0,0,0,0,0,0,0,0,0,0,0,0,0,8,0,0,0,0,0,0,0,0,0,0,PIT,BAL,OK
PITLB1,0,0,0,0,0,0,0,0,0,0,0,0,0,0,0,0,0,0,70,2,0,0,0,0,0,0,0,0,0,PIT,BAL,OK
PITLB2,0,0,0,0,0,0,0,0,0,0,0,0,0,0,0,0,0,0,0,0,0,0,0,0,0,0,0,0,0,PIT,BAL,OK
PITLB3,0,0,0,0,0,0,0,0,0,0,0,0,0,0,0,0,0,0,0,1,0,0,0,0,0,0,0,0,0,PIT,BAL,OK
PITLB4,0,0,0,0,0,0,0,0,0,0,0,0,0,0,0,0,0,0,0,0,1,10,0,0,0,0,0,0,0,PIT,BAL,OK
PITDB1,0,0,0,0,0,0,0,0,0,0,0,0,0,0,0,0,0,0,0,0,1,6,0,0,0,0,0,0,0,PIT,BAL,OK
PITDB2,0,0,0,0,0,0,0,0,0,0,0,0,0,0,0,0,0,0,0,0,0,0,0,0,0,0,0,0,0,PIT,BAL,OK
PITDB3,0,0,0,0,0,0,0,0,0,0,0,0,0,0,0,0,0,0,0,0,0,0,0,0,0,0,0,0,0,PIT,BAL,OK
PITDB4,0,0,0,0,0,0,0,0,0,0,0,0,0,0,0,0,0,0,0,1,0,0,0,0,0,0,0,0,0,PIT,BAL,OK
PITK,0,0,0,0,0,0,0,0,0,0,0,0,0,0,0,0,0,0,0,0,0,0,0,1,1,4,4,0,0,PIT,BAL,OK
PITP,0,0,0,0,0,0,0,0,0,0,0,0,0,0,0,0,0,0,0,0,0,0,0,0,0,0,0,0,0,PIT,BAL,OK