DENQB1,0,18,8,1,0,184,0,0,0,0,0,0,0,0,0,0,0,0,0,0,0,0,0,0,0,0,0,0,0,DEN,OAK,OK
DENQB2,0,0,0,0,0,0,0,0,0,0,0,0,0,0,0,0,0,0,0,0,0,0,0,0,0,0,0,0,0,DEN,OAK,OK
DENRB1,0,0,0,0,0,0,3,60,0,0,0,0,0,0,0,8,67,1,0,0,0,0,0,0,0,0,0,0,0,DEN,OAK,OK
DENRB2,0,0,0,0,0,0,0,0,0,0,0,0,0,0,0,7,60,0,0,0,0,0,0,0,0,0,0,0,0,DEN,OAK,OK
DENRB3,0,0,0,0,0,0,0,0,0,2,26,0,0,0,0,0,0,0,0,0,0,0,0,0,0,0,0,0,0,DEN,OAK,OK
DENRB4,0,0,0,0,0,0,0,0,0,0,0,0,0,0,0,0,0,0,0,0,0,0,0,0,0,0,0,0,0,DEN,OAK,OK
DENWR1,0,0,0,0,0,0,4,77,1,0,0,0,0,0,0,0,0,0,0,0,0,0,0,0,0,0,0,0,0,DEN,OAK,OK
DENWR2,0,0,0,0,0,0,1,47,0,0,0,0,1,10,0,0,0,0,0,0,0,0,0,0,0,0,0,0,0,DEN,OAK,OK
DENWR3,0,0,0,0,0,0,0,0,0,0,0,0,0,0,0,0,0,0,0,0,0,0,0,0,0,0,0,0,0,DEN,OAK,OK
DENWR4,0,0,0,0,0,0,0,0,0,0,0,0,0,0,0,0,0,0,0,0,0,0,0,0,0,0,0,0,0,DEN,OAK,OK
DENTE1,0,0,0,0,0,0,0,0,0,0,0,0,0,0,0,0,0,0,0,0,0,0,0,0,0,0,0,0,0,DEN,OAK,OK
DENTE2,0,0,0,0,0,0,0,0,0,0,0,0,0,0,0,0,0,0,0,0,0,0,0,0,0,0,0,0,0,DEN,OAK,OK
DENDL1,0,0,0,0,0,0,0,0,0,0,0,0,0,0,0,0,0,0,0,0,0,0,0,0,0,0,0,0,0,DEN,OAK,OK
DENDL2,0,0,0,0,0,0,0,0,0,0,0,0,0,0,0,0,0,0,0,0,0,0,0,0,0,0,0,0,0,DEN,OAK,OK
DENDL3,0,0,0,0,0,0,0,0,0,0,0,0,0,0,0,0,0,0,0,1,0,0,0,0,0,0,0,0,0,DEN,OAK,OK
DENLB1,0,0,0,0,0,0,0,0,0,0,0,0,0,0,0,0,0,0,0,0,0,0,0,0,0,0,0,0,0,DEN,OAK,OK
DENLB2,0,0,0,0,0,0,0,0,0,0,0,0,0,0,0,0,0,0,0,1,0,0,0,0,0,0,0,0,0,DEN,OAK,OK
DENLB3,0,0,0,0,0,0,0,0,0,0,0,0,0,0,0,0,0,0,0,0,0,0,0,0,0,0,0,0,0,DEN,OAK,OK
DENLB4,0,0,0,0,0,0,0,0,0,0,0,0,0,0,0,0,0,0,0,0,0,0,0,0,0,0,0,0,0,DEN,OAK,OK
DENDB1,0,0,0,0,0,0,0,0,0,0,0,0,0,0,0,0,0,0,0,0,0,0,0,0,0,0,0,0,0,DEN,OAK,OK
DENDB2,0,0,0,0,0,0,0,0,0,0,0,0,0,0,0,0,0,0,0,0,0,0,0,0,0,0,0,0,0,DEN,OAK,OK
DENDB3,0,0,0,0,0,0,0,0,0,0,0,0,0,0,0,0,0,0,0,0,2,6,0,0,0,0,0,0,0,DEN,OAK,OK
DENDB4,0,0,0,0,0,0,0,0,0,0,0,0,0,0,0,0,0,0,0,0,1,4,0,0,0,0,0,0,0,DEN,OAK,OK
DENK,0,0,0,0,0,0,0,0,0,0,0,0,0,0,0,0,0,0,0,0,0,0,0,2,2,3,1,0,0,DEN,OAK,OK
DENP,0,0,0,0,0,0,0,0,0,0,0,0,0,0,0,0,0,0,0,0,0,0,0,0,0,0,0,1,54,DEN,OAK,OK
OAKQB1,0,11,4,0,3,136,0,0,0,0,0,0,0,0,0,0,0,0,0,0,0,0,0,0,0,0,0,0,0,OAK,DEN,OK
OAKQB2,0,0,0,0,0,0,0,0,0,0,0,0,0,0,0,0,0,0,0,0,0,0,0,0,0,0,0,0,0,OAK,DEN,OK
OAKRB1,0,0,0,0,0,0,2,70,0,0,0,0,0,0,0,9,69,0,0,0,0,0,0,0,0,0,0,0,0,OAK,DEN,OK
OAKRB2,0,0,0,0,0,0,0,0,0,0,0,0,0,0,0,1,11,0,0,0,0,0,0,0,0,0,0,0,0,OAK,DEN,OK
OAKRB3,0,0,0,0,0,0,0,0,0,3,62,0,1,1,0,0,0,0,0,0,0,0,0,0,0,0,0,0,0,OAK,DEN,OK
OAKRB4,0,0,0,0,0,0,0,0,0,0,0,0,0,0,0,0,0,0,0,0,0,0,0,0,0,0,0,0,0,OAK,DEN,OK
OAKWR1,0,0,0,0,0,0,0,0,0,1,11,0,0,0,0,0,0,0,0,0,0,0,0,0,0,0,0,0,0,OAK,DEN,INJURED
OAKWR2,0,0,0,0,0,0,2,66,0,0,0,0,0,0,0,0,0,0,0,0,0,0,0,0,0,0,0,0,0,OAK,DEN,OK
OAKWR3,0,0,0,0,0,0,0,0,0,0,0,0,0,0,0,4,37,1,0,0,0,0,0,0,0,0,0,0,0,OAK,DEN,OK
OAKWR4,0,0,0,0,0,0,0,0,0,0,0,0,0,0,0,0,0,0,0,0,0,0,0,0,0,0,0,0,0,OAK,DEN,OK
OAKTE1,0,0,0,0,0,0,0,0,0,0,0,0,0,0,0,0,0,0,0,0,0,0,0,0,0,0,0,0,0,OAK,DEN,OK
OAKTE2,0,0,0,0,0,0,0,0,0,0,0,0,0,0,0,0,0,0,0,0,0,0,0,0,0,0,0,0,0,OAK,DEN,OK
OAKDL1,0,0,0,0,0,0,0,0,0,0,0,0,0,0,0,0,0,0,0,1,0,0,0,0,0,0,0,0,0,OAK,DEN,OK
OAKDL2,0,0,0,0,0,0,0,0,0,0,0,0,0,0,0,0,0,0,0,0,0,0,0,0,0,0,0,0,0,OAK,DEN,OK
OAKDL3,0,0,0,0,0,0,0,0,0,0,0,0,0,0,0,0,0,0,8,1,0,0,0,0,0,0,0,0,0,OAK,DEN,OK
OAKLB1,0,0,0,0,0,0,0,0,0,0,0,0,0,0,0,0,0,0,70,0,0,0,0,0,0,0,0,0,0,OAK,DEN,OK
OAKLB2,0,0,0,0,0,0,0,0,0,0,0,0,0,0,0,0,0,0,0,1,0,0,0,0,0,0,0,0,0,OAK,DEN,OK
OAKLB3,0,0,0,0,0,0,0,0,0,0,0,0,0,0,0,0,0,0,0,0,0,0,0,0,0,0,0,0,0,OAK,DEN,OK
OAKLB4,0,0,0,0,0,0,0,0,0,0,0,0,0,0,0,0,0,0,0,1,0,0,0,0,0,0,0,0,0,OAK,DEN,OK
OAKDB1,0,0,0,0,0,0,0,0,0,0,0,0,0,0,0,0,0,0,0,0,0,0,0,0,0,0,0,0,0,OAK,DEN,OK
OAKDB2,0,0,0,0,0,0,0,0,0,0,0,0,0,0,0,0,0,0,0,0,0,0,0,0,0,0,0,0,0,OAK,DEN,OK
OAKDB3,0,0,0,0,0,0,0,0,0,0,0,0,0,0,0,0,0,0,0,0,0,0,0,0,0,0,0,0,0,OAK,DEN,OK
OAKDB4,0,0,0,0,0,0,0,0,0,0,0,0,0,0,0,0,0,0,0,0,0,0,0,0,0,0,0,0,0,OAK,DEN,OK
OAKK,0,0,0,0,0,0,0,0,0,0,0,0,0,0,0,0,0,0,0,0,0,0,0,1,1,1,0,0,0,OAK,DEN,OK
OAKP,0,0,0,0,0,0,0,0,0,0,0,0,0,0,0,0,0,0,0,0,0,0,0,0,0,0,0,1,61,OAK,DEN,OK