NYJQB1,0,12,8,2,1,253,0,0,0,0,0,0,0,0,0,7,38,2,0,0,0,0,0,0,0,0,0,0,0,NYJ,DAL,OK
NYJQB2,0,0,0,0,0,0,0,0,0,0,0,0,0,0,0,0,0,0,0,0,0,0,0,0,0,0,0,0,0,NYJ,DAL,OK
NYJRB1,0,0,0,0,0,0,0,0,0,0,0,0,0,0,0,14,110,1,0,0,0,0,0,0,0,0,0,0,0,NYJ,DAL,OK
NYJRB2,0,0,0,0,0,0,2,81,1,0,0,0,0,0,0,0,0,0,0,0,0,0,0,0,0,0,0,0,0,NYJ,DAL,OK
NYJRB3,0,0,0,0,0,0,0,0,0,0,0,0,0,0,0,0,0,0,0,0,0,0,0,0,0,0,0,0,0,NYJ,DAL,OK
NYJRB4,0,0,0,0,0,0,0,0,0,0,0,0,0,0,0,0,0,0,0,0,0,0,0,0,0,0,0,0,0,NYJ,DAL,OK
NYJWR1,0,0,0,0,0,0,0,0,0,0,0,0,0,0,0,0,0,0,0,0,0,0,0,0,0,0,0,0,0,NYJ,DAL,OK
NYJWR2,0,0,0,0,0,0,3,88,0,0,0,0,0,0,0,0,0,0,0,0,0,0,0,0,0,0,0,0,0,NYJ,DAL,OK
NYJWR3,0,0,0,0,0,0,0,0,0,0,0,0,0,0,0,0,0,0,0,0,0,0,0,0,0,0,0,0,0,NYJ,DAL,OK
NYJWR4,0,0,0,0,0,0,0,0,0,1,9,0,1,12,0,0,0,0,0,0,0,0,0,0,0,0,0,0,0,NYJ,DAL,OK
NYJTE1,0,0,0,0,0,0,3,84,1,0,0,0,0,0,0,0,0,0,0,0,0,0,0,0,0,0,0,0,0,NYJ,DAL,OK
NYJTE2,0,0,0,0,0,0,0,0,0,0,0,0,0,0,0,0,0,0,0,0,0,0,0,0,0,0,0,0,0,NYJ,DAL,OK
NYJDL1,0,0,0,0,0,0,0,0,0,0,0,0,0,0,0,0,0,0,0,0,0,0,0,0,0,0,0,0,0,NYJ,DAL,OK
NYJDL2,0,0,0,0,0,0,0,0,0,0,0,0,0,0,0,0,0,0,0,2,0,0,0,0,0,0,0,0,0,NYJ,DAL,OK
NYJDL3,0,0,0,0,0,0,0,0,0,0,0,0,0,0,0,0,0,0,0,0,0,0,0,0,0,0,0,0,0,NYJ,DAL,OK
NYJLB1,0,0,0,0,0,0,0,0,0,0,0,0,0,0,0,0,0,0,0,0,0,0,0,0,0,0,0,0,0,NYJ,DAL,OK
NYJLB2,0,0,0,0,0,0,0,0,0,0,0,0,0,0,0,0,0,0,0,0,0,0,0,0,0,0,0,0,0,NYJ,DAL,OK
NYJLB3,0,0,0,0,0,0,0,0,0,0,0,0,0,0,0,0,0,0,0,0,0,0,0,0,0,0,0,0,0,NYJ,DAL,OK
NYJLB4,0,0,0,0,0,0,0,0,0,0,0,0,0,0,0,0,0,0,0,0,1,12,0,0,0,0,0,0,0,NYJ,DAL,OK
NYJDB1,0,0,0,0,0,0,0,0,0,0,0,0,0,0,0,0,0,0,0,0,0,0,0,0,0,0,0,0,0,NYJ,DAL,OK
NYJDB2,0,0,0,0,0,0,0,0,0,0,0,0,0,0,0,0,0,0,0,0,4,42,0,0,0,0,0,0,0,NYJ,DAL,OK
NYJDB3,0,0,0,0,0,0,0,0,0,0,0,0,0,0,0,0,0,0,0,0,0,0,0,0,0,0,0,0,0,NYJ,DAL,OK
NYJDB4,0,0,0,0,0,0,0,0,0,0,0,0,0,0,0,0,0,0,0,0,0,0,0,0,0,0,0,0,0,NYJ,DAL,OK
NYJK,0,0,0,0,0,0,0,0,0,0,0,0,0,0,0,0,0,0,0,0,0,0,0,5,4,2,2,0,0,NYJ,DAL,OK
NYJP,0,0,0,0,0,0,0,0,0,0,0,0,0,0,0,0,0,0,0,0,0,0,0,0,0,0,0,0,0,NYJ,DAL,OK
DALQB1,0,15,2,0,5,57,0,0,0,0,0,0,0,0,0,0,0,0,0,0,0,0,0,0,0,0,0,0,0,DAL,NYJ,OK
DALQB2,0,0,0,0,0,0,0,0,0,0,0,0,0,0,0,0,0,0,0,0,0,0,0,0,0,0,0,0,0,DAL,NYJ,OK
DALRB1,0,0,0,0,0,0,0,0,0,0,0,0,0,0,0,5,8,0,0,0,0,0,0,0,0,0,0,0,0,DAL,NYJ,OK
DALRB2,0,0,0,0,0,0,0,0,0,7,133,0,0,0,0,0,0,0,0,0,0,0,0,0,0,0,0,0,0,DAL,NYJ,OK
DALRB3,0,0,0,0,0,0,0,0,0,0,0,0,0,0,0,0,0,0,0,0,0,0,0,0,0,0,0,0,0,DAL,NYJ,OK
DALRB4,0,0,0,0,0,0,0,0,0,0,0,0,0,0,0,0,0,0,0,0,0,0,0,0,0,0,0,0,0,DAL,NYJ,OK
DALWR1,0,0,0,0,0,0,1,29,0,0,0,0,0,0,0,0,0,0,0,0,0,0,0,0,0,0,0,0,0,DAL,NYJ,OK
DALWR2,0,0,0,0,0,0,0,0,0,0,0,0,0,0,0,2,7,0,0,0,0,0,0,0,0,0,0,0,0,DAL,NYJ,OK
DALWR3,0,0,0,0,0,0,0,0,0,0,0,0,0,0,0,0,0,0,0,0,0,0,0,0,0,0,0,0,0,DAL,NYJ,OK
DALWR4,0,0,0,0,0,0,0,0,0,0,0,0,0,0,0,0,0,0,0,0,0,0,0,0,0,0,0,0,0,DAL,NYJ,OK
DALTE1,0,0,0,0,0,0,1,28,0,0,0,0,0,0,0,0,0,0,0,0,0,0,0,0,0,0,0,0,0,DAL,NYJ,OK
DALTE2,0,0,0,0,0,0,0,0,0,0,0,0,0,0,0,0,0,0,0,0,0,0,0,0,0,0,0,0,0,DAL,NYJ,OK
DALDL1,0,0,0,0,0,0,0,0,0,0,0,0,0,0,0,0,0,0,0,0,0,0,0,0,0,0,0,0,0,DAL,NYJ,OK
DALDL2,0,0,0,0,0,0,0,0,0,0,0,0,0,0,0,0,0,0,0,0,0,0,0,0,0,0,0,0,0,DAL,NYJ,OK
DALDL3,0,0,0,0,0,0,0,0,0,0,0,0,0,0,0,0,0,0,8,1,0,0,0,0,0,0,0,0,0,DAL,NYJ,OK
DALLB1,0,0,0,0,0,0,0,0,0,0,0,0,0,0,0,0,0,0,70,1,0,0,0,0,0,0,0,0,0,DAL,NYJ,OK
DALLB2,0,0,0,0,0,0,0,0,0,0,0,0,0,0,0,0,0,0,0,1,0,0,0,0,0,0,0,0,0,DAL,NYJ,OK
DALLB3,0,0,0,0,0,0,0,0,0,0,0,0,0,0,0,0,0,0,0,0,0,0,0,0,0,0,0,0,0,DAL,NYJ,OK
DALLB4,0,0,0,0,0,0,0,0,0,0,0,0,0,0,0,0,0,0,0,1,0,0,0,0,0,0,0,0,0,DAL,NYJ,OK
DALDB1,0,0,0,0,0,0,0,0,0,0,0,0,0,0,0,0,0,0,0,0,1,0,0,0,0,0,0,0,0,DAL,NYJ,OK
DALDB2,0,0,0,0,0,0,0,0,0,0,0,0,0,0,0,0,0,0,0,0,0,0,0,0,0,0,0,0,0,DAL,NYJ,OK
DALDB3,0,0,0,0,0,0,0,0,0,0,0,0,0,0,0,0,0,0,0,0,0,0,0,0,0,0,0,0,0,DAL,NYJ,OK
DALDB4,0,0,0,0,0,0,0,0,0,0,0,0,0,0,0,0,0,0,0,0,0,0,0,0,0,0,0,0,0,DAL,NYJ,OK
DALK,0,0,0,0,0,0,0,0,0,0,0,0,0,0,0,0,0,0,0,0,0,0,0,0,0,0,0,0,0,DAL,NYJ,OK
DALP,0,0,0,0,0,0,0,0,0,0,0,0,0,0,0,0,0,0,0,0,0,0,0,0,0,0,0,2,89,DAL,NYJ,OK