S.FQB1,0,6,2,0,1,53,0,0,0,0,0,0,0,0,0,0,0,0,0,0,0,0,0,0,0,0,0,0,0,S.F,SEA,OK
S.FQB2,0,0,0,0,0,0,0,0,0,0,0,0,0,0,0,0,0,0,0,0,0,0,0,0,0,0,0,0,0,S.F,SEA,OK
S.FRB1,0,0,0,0,0,0,0,0,0,0,0,0,0,0,0,2,18,0,0,0,0,0,0,0,0,0,0,0,0,S.F,SEA,INJURED
S.FRB2,0,0,0,0,0,0,0,0,0,0,0,0,0,0,0,3,21,1,0,0,0,0,0,0,0,0,0,0,0,S.F,SEA,OK
S.FRB3,0,0,0,0,0,0,0,0,0,0,0,0,0,0,0,8,90,0,0,0,0,0,0,0,0,0,0,0,0,S.F,SEA,OK
S.FRB4,0,0,0,0,0,0,0,0,0,0,0,0,0,0,0,0,0,0,0,0,0,0,0,0,0,0,0,0,0,S.F,SEA,OK
S.FWR1,0,0,0,0,0,0,1,15,0,0,0,0,0,0,0,7,46,1,0,0,0,0,0,0,0,0,0,0,0,S.F,SEA,OK
S.FWR2,0,0,0,0,0,0,1,38,0,0,0,0,0,0,0,0,0,0,0,0,0,0,0,0,0,0,0,0,0,S.F,SEA,OK
S.FWR3,0,0,0,0,0,0,0,0,0,3,58,0,1,6,0,0,0,0,0,0,0,0,0,0,0,0,0,0,0,S.F,SEA,OK
S.FWR4,0,0,0,0,0,0,0,0,0,0,0,0,0,0,0,0,0,0,0,0,0,0,0,0,0,0,0,0,0,S.F,SEA,OK
S.FTE1,0,0,0,0,0,0,0,0,0,0,0,0,0,0,0,0,0,0,0,0,0,0,0,0,0,0,0,0,0,S.F,SEA,OK
S.FTE2,0,0,0,0,0,0,0,0,0,0,0,0,0,0,0,0,0,0,0,0,0,0,0,0,0,0,0,0,0,S.F,SEA,OK
S.FDL1,0,0,0,0,0,0,0,0,0,0,0,0,0,0,0,0,0,0,0,0,0,0,0,0,0,0,0,0,0,S.F,SEA,OK
S.FDL2,0,0,0,0,0,0,0,0,0,0,0,0,0,0,0,0,0,0,12,0,0,0,0,0,0,0,0,0,0,S.F,SEA,OK
S.FDL3,0,0,0,0,0,0,0,0,0,0,0,0,0,0,0,0,0,0,77,0,0,0,0,0,0,0,0,0,0,S.F,SEA,OK
S.FLB1,0,0,0,0,0,0,0,0,0,0,0,0,0,0,0,0,0,0,0,0,0,0,0,0,0,0,0,0,0,S.F,SEA,OK
S.FLB2,0,0,0,0,0,0,0,0,0,0,0,0,0,0,0,0,0,0,0,0,0,0,0,0,0,0,0,0,0,S.F,SEA,OK
S.FLB3,0,0,0,0,0,0,0,0,0,0,0,0,0,0,0,0,0,0,0,1,1,7,0,0,0,0,0,0,0,S.F,SEA,OK
S.FLB4,0,0,0,0,0,0,0,0,0,0,0,0,0,0,0,0,0,0,0,0,1,5,0,0,0,0,0,0,0,S.F,SEA,OK
S.FDB1,0,0,0,0,0,0,0,0,0,0,0,0,0,0,0,0,0,0,0,0,0,0,0,0,0,0,0,0,0,S.F,SEA,OK
S.FDB2,0,0,0,0,0,0,0,0,0,0,0,0,0,0,0,0,0,0,0,0,0,0,0,0,0,0,0,0,0,S.F,SEA,OK
S.FDB3,0,0,0,0,0,0,0,0,0,0,0,0,0,0,0,0,0,0,0,0,0,0,0,0,0,0,0,0,0,S.F,SEA,OK
S.FDB4,0,0,0,0,0,0,0,0,0,0,0,0,0,0,0,0,0,0,0,0,0,0,0,0,0,0,0,0,0,S.F,SEA,OK
S.FK,0,0,0,0,0,0,0,0,0,0,0,0,0,0,0,0,0,0,0,0,0,0,0,2,2,1,1,0,0,S.F,SEA,OK
S.FP,0,0,0,0,0,0,0,0,0,0,0,0,0,0,0,0,0,0,0,0,0,0,0,0,0,0,0,1,54,S.F,SEA,OK
SEAQB1,0,13,6,1,2,142,0,0,0,0,0,0,0,0,0,0,0,0,0,0,0,0,0,0,0,0,0,0,0,SEA,S.F,OK
SEAQB2,0,0,0,0,0,0,0,0,0,0,0,0,0,0,0,0,0,0,0,0,0,0,0,0,0,0,0,0,0,SEA,S.F,OK
SEARB1,0,0,0,0,0,0,0,0,0,0,0,0,0,0,0,8,32,0,0,0,0,0,0,0,0,0,0,0,0,SEA,S.F,OK
SEARB2,0,0,0,0,0,0,3,65,0,4,41,0,1,0,0,9,82,0,0,0,0,0,0,0,0,0,0,0,0,SEA,S.F,OK
SEARB3,0,0,0,0,0,0,0,0,0,0,0,0,0,0,0,0,0,0,0,0,0,0,0,0,0,0,0,0,0,SEA,S.F,OK
SEARB4,0,0,0,0,0,0,0,0,0,0,0,0,0,0,0,0,0,0,0,0,0,0,0,0,0,0,0,0,0,SEA,S.F,OK
SEAWR1,0,0,0,0,0,0,0,0,0,0,0,0,0,0,0,0,0,0,0,0,0,0,0,0,0,0,0,0,0,SEA,S.F,OK
SEAWR2,0,0,0,0,0,0,2,53,0,0,0,0,0,0,0,0,0,0,0,0,0,0,0,0,0,0,0,0,0,SEA,S.F,OK
SEAWR3,0,0,0,0,0,0,0,0,0,0,0,0,0,0,0,0,0,0,0,0,0,0,0,0,0,0,0,0,0,SEA,S.F,OK
SEAWR4,0,0,0,0,0,0,0,0,0,0,0,0,0,0,0,0,0,0,0,0,0,0,0,0,0,0,0,0,0,SEA,S.F,OK
SEATE1,0,0,0,0,0,0,1,24,1,0,0,0,0,0,0,0,0,0,0,0,0,0,0,0,0,0,0,0,0,SEA,S.F,OK
SEATE2,0,0,0,0,0,0,0,0,0,0,0,0,0,0,0,0,0,0,0,0,0,0,0,0,0,0,0,0,0,SEA,S.F,OK
SEADL1,0,0,0,0,0,0,0,0,0,0,0,0,0,0,0,0,0,0,0,2,0,0,0,0,0,0,0,0,0,SEA,S.F,OK
SEADL2,0,0,0,0,0,0,0,0,0,0,0,0,0,0,0,0,0,0,0,0,1,0,0,0,0,0,0,0,0,SEA,S.F,OK
SEADL3,0,0,0,0,0,0,0,0,0,0,0,0,0,0,0,0,0,0,0,0,0,0,0,0,0,0,0,0,0,SEA,S.F,OK
SEALB1,0,0,0,0,0,0,0,0,0,0,0,0,0,0,0,0,0,0,0,0,0,0,0,0,0,0,0,0,0,SEA,S.F,OK
SEALB2,0,0,0,0,0,0,0,0,0,0,0,0,0,0,0,0,0,0,0,0,0,0,0,0,0,0,0,0,0,SEA,S.F,OK
SEALB3,0,0,0,0,0,0,0,0,0,0,0,0,0,0,0,0,0,0,0,1,0,0,0,0,0,0,0,0,0,SEA,S.F,OK
SEALB4,0,0,0,0,0,0,0,0,0,0,0,0,0,0,0,0,0,0,0,0,0,0,0,0,0,0,0,0,0,SEA,S.F,OK
SEADB1,0,0,0,0,0,0,0,0,0,0,0,0,0,0,0,0,0,0,0,0,0,0,0,0,0,0,0,0,0,SEA,S.F,OK
SEADB2,0,0,0,0,0,0,0,0,0,0,0,0,0,0,0,0,0,0,0,1,0,0,0,0,0,0,0,0,0,SEA,S.F,OK
SEADB3,0,0,0,0,0,0,0,0,0,0,0,0,0,0,0,0,0,0,0,0,0,0,0,0,0,0,0,0,0,SEA,S.F,OK
SEADB4,0,0,0,0,0,0,0,0,0,0,0,0,0,0,0,0,0,0,0,0,0,0,0,0,0,0,0,0,0,SEA,S.F,OK
SEAK,0,0,0,0,0,0,0,0,0,0,0,0,0,0,0,0,0,0,0,0,0,0,0,1,1,1,1,0,0,SEA,S.F,OK
SEAP,0,0,0,0,0,0,0,0,0,0,0,0,0,0,0,0,0,0,0,0,0,0,0,0,0,0,0,1,50,SEA,S.F,OK