S.DQB1,0,13,8,2,1,235,0,0,0,0,0,0,0,0,0,1,4,0,0,0,0,0,0,0,0,0,0,0,0,S.D,K.C,OK
S.DQB2,0,0,0,0,0,0,0,0,0,0,0,0,0,0,0,0,0,0,0,0,0,0,0,0,0,0,0,0,0,S.D,K.C,OK
S.DRB1,0,0,0,0,0,0,1,11,1,0,0,0,0,0,0,12,110,2,0,0,0,0,0,0,0,0,0,0,0,S.D,K.C,OK
S.DRB2,0,0,0,0,0,0,0,0,0,4,70,0,0,0,0,0,0,0,0,0,0,0,0,0,0,0,0,0,0,S.D,K.C,INJURED
S.DRB3,0,0,0,0,0,0,0,0,0,0,0,0,0,0,0,0,0,0,0,0,0,0,0,0,0,0,0,0,0,S.D,K.C,OK
S.DRB4,0,0,0,0,0,0,0,0,0,0,0,0,1,8,0,0,0,0,0,0,0,0,0,0,0,0,0,0,0,S.D,K.C,OK
S.DWR1,0,0,0,0,0,0,1,40,0,0,0,0,0,0,0,0,0,0,0,0,0,0,0,0,0,0,0,0,0,S.D,K.C,OK
S.DWR2,0,0,0,0,0,0,1,23,0,0,0,0,0,0,0,0,0,0,0,0,0,0,0,0,0,0,0,0,0,S.D,K.C,OK
S.DWR3,0,0,0,0,0,0,0,0,0,0,0,0,0,0,0,0,0,0,0,0,0,0,0,0,0,0,0,0,0,S.D,K.C,OK
S.DWR4,0,0,0,0,0,0,0,0,0,0,0,0,0,0,0,0,0,0,0,0,0,0,0,0,0,0,0,0,0,S.D,K.C,OK
S.DTE1,0,0,0,0,0,0,5,161,1,0,0,0,0,0,0,0,0,0,0,0,0,0,0,0,0,0,0,0,0,S.D,K.C,OK
S.DTE2,0,0,0,0,0,0,0,0,0,0,0,0,0,0,0,0,0,0,0,0,0,0,0,0,0,0,0,0,0,S.D,K.C,OK
S.DDL1,0,0,0,0,0,0,0,0,0,0,0,0,0,0,0,0,0,0,0,0,0,0,0,0,0,0,0,0,0,S.D,K.C,OK
S.DDL2,0,0,0,0,0,0,0,0,0,0,0,0,0,0,0,0,0,0,12,0,0,0,0,0,0,0,0,0,0,S.D,K.C,OK
S.DDL3,0,0,0,0,0,0,0,0,0,0,0,0,0,0,0,0,0,0,77,0,0,0,0,0,0,0,0,0,0,S.D,K.C,OK
S.DLB1,0,0,0,0,0,0,0,0,0,0,0,0,0,0,0,0,0,0,0,1,0,0,0,0,0,0,0,0,0,S.D,K.C,OK
S.DLB2,0,0,0,0,0,0,0,0,0,0,0,0,0,0,0,0,0,0,0,0,0,0,0,0,0,0,0,0,0,S.D,K.C,OK
S.DLB3,0,0,0,0,0,0,0,0,0,0,0,0,0,0,0,0,0,0,0,1,0,0,0,0,0,0,0,0,0,S.D,K.C,OK
S.DLB4,0,0,0,0,0,0,0,0,0,0,0,0,0,0,0,0,0,0,0,0,0,0,0,0,0,0,0,0,0,S.D,K.C,OK
S.DDB1,0,0,0,0,0,0,0,0,0,0,0,0,0,0,0,0,0,0,0,0,0,0,0,0,0,0,0,0,0,S.D,K.C,OK
S.DDB2,0,0,0,0,0,0,0,0,0,0,0,0,0,0,0,0,0,0,0,0,0,0,0,0,0,0,0,0,0,S.D,K.C,OK
S.DDB3,0,0,0,0,0,0,0,0,0,0,0,0,0,0,0,0,0,0,0,0,1,5,0,0,0,0,0,0,0,S.D,K.C,OK
S.DDB4,0,0,0,0,0,0,0,0,0,0,0,0,0,0,0,0,0,0,0,0,0,0,0,0,0,0,0,0,0,S.D,K.C,OK
S.DK,0,0,0,0,0,0,0,0,0,0,0,0,0,0,0,0,0,0,0,0,0,0,0,4,3,0,0,0,0,S.D,K.C,OK
S.DP,0,0,0,0,0,0,0,0,0,0,0,0,0,0,0,0,0,0,0,0,0,0,0,0,0,0,0,1,50,S.D,K.C,OK
K.CQB1,0,15,7,1,1,170,0,0,0,0,0,0,0,0,0,0,0,0,0,0,0,0,0,0,0,0,0,0,0,K.C,S.D,OK
K.CQB2,0,0,0,0,0,0,0,0,0,0,0,0,0,0,0,0,0,0,0,0,0,0,0,0,0,0,0,0,0,K.C,S.D,OK
K.CRB1,0,0,0,0,0,0,1,12,0,0,0,0,0,0,0,9,134,2,0,0,0,0,0,0,0,0,0,0,0,K.C,S.D,OK
K.CRB2,0,0,0,0,0,0,1,43,1,0,0,0,0,0,0,5,14,0,0,0,0,0,0,0,0,0,0,0,0,K.C,S.D,OK
K.CRB3,0,0,0,0,0,0,0,0,0,0,0,0,0,0,0,0,0,0,0,0,0,0,0,0,0,0,0,0,0,K.C,S.D,OK
K.CRB4,0,0,0,0,0,0,0,0,0,0,0,0,0,0,0,0,0,0,0,0,0,0,0,0,0,0,0,0,0,K.C,S.D,OK
K.CWR1,0,0,0,0,0,0,3,73,0,0,0,0,0,0,0,0,0,0,0,0,0,0,0,0,0,0,0,0,0,K.C,S.D,OK
K.CWR2,0,0,0,0,0,0,2,42,0,0,0,0,0,0,0,0,0,0,0,0,0,0,0,0,0,0,0,0,0,K.C,S.D,OK
K.CWR3,0,0,0,0,0,0,0,0,0,5,54,0,1,6,0,0,0,0,0,0,0,0,0,0,0,0,0,0,0,K.C,S.D,OK
K.CWR4,0,0,0,0,0,0,0,0,0,0,0,0,0,0,0,0,0,0,0,0,0,0,0,0,0,0,0,0,0,K.C,S.D,OK
K.CTE1,0,0,0,0,0,0,0,0,0,0,0,0,0,0,0,0,0,0,0,0,0,0,0,0,0,0,0,0,0,K.C,S.D,OK
K.CTE2,0,0,0,0,0,0,0,0,0,0,0,0,0,0,0,0,0,0,0,0,0,0,0,0,0,0,0,0,0,K.C,S.D,OK
K.CDL1,0,0,0,0,0,0,0,0,0,0,0,0,0,0,0,0,0,0,0,0,0,0,0,0,0,0,0,0,0,K.C,S.D,OK
K.CDL2,0,0,0,0,0,0,0,0,0,0,0,0,0,0,0,0,0,0,0,0,0,0,0,0,0,0,0,0,0,K.C,S.D,OK
K.CDL3,0,0,0,0,0,0,0,0,0,0,0,0,0,0,0,0,0,0,0,0,0,0,0,0,0,0,0,0,0,K.C,S.D,OK
K.CLB1,0,0,0,0,0,0,0,0,0,0,0,0,0,0,0,0,0,0,0,4,0,0,0,0,0,0,0,0,0,K.C,S.D,OK
K.CLB2,0,0,0,0,0,0,0,0,0,0,0,0,0,0,0,0,0,0,0,0,0,0,0,0,0,0,0,0,0,K.C,S.D,OK
K.CLB3,0,0,0,0,0,0,0,0,0,0,0,0,0,0,0,0,0,0,0,0,0,0,0,0,0,0,0,0,0,K.C,S.D,OK
K.CLB4,0,0,0,0,0,0,0,0,0,0,0,0,0,0,0,0,0,0,0,0,0,0,0,0,0,0,0,0,0,K.C,S.D,OK
K.CDB1,0,0,0,0,0,0,0,0,0,0,0,0,0,0,0,0,0,0,0,0,0,0,0,0,0,0,0,0,0,K.C,S.D,OK
K.CDB2,0,0,0,0,0,0,0,0,0,0,0,0,0,0,0,0,0,0,0,0,1,0,0,0,0,0,0,0,0,K.C,S.D,OK
K.CDB3,0,0,0,0,0,0,0,0,0,0,0,0,0,0,0,0,0,0,0,0,0,0,0,0,0,0,0,0,0,K.C,S.D,OK
K.CDB4,0,0,0,0,0,0,0,0,0,0,0,0,0,0,0,0,0,0,0,0,0,0,0,0,0,0,0,0,0,K.C,S.D,OK
K.CK,0,0,0,0,0,0,0,0,0,0,0,0,0,0,0,0,0,0,0,0,0,0,0,3,3,1,1,0,0,K.C,S.D,OK
K.CP,0,0,0,0,0,0,0,0,0,0,0,0,0,0,0,0,0,0,0,0,0,0,0,0,0,0,0,1,41,K.C,S.D,OK