S.DQB1,0,11,9,2,2,275,0,0,0,0,0,0,0,0,0,0,0,0,0,0,0,0,0,0,0,0,0,0,0,S.D,MIN,OK
S.DQB2,0,0,0,0,0,0,0,0,0,0,0,0,0,0,0,0,0,0,0,0,0,0,0,0,0,0,0,0,0,S.D,MIN,OK
S.DRB1,0,0,0,0,0,0,2,36,1,0,0,0,0,0,0,1,8,0,0,0,0,0,0,0,0,0,0,0,0,S.D,MIN,OK
S.DRB2,0,0,0,0,0,0,1,42,0,0,0,0,0,0,0,3,14,1,0,0,0,0,0,0,0,0,0,0,0,S.D,MIN,OK
S.DRB3,0,0,0,0,0,0,0,0,0,0,0,0,0,0,0,0,0,0,0,0,0,0,0,0,0,0,0,0,0,S.D,MIN,OK
S.DRB4,0,0,0,0,0,0,0,0,0,0,0,0,0,0,0,0,0,0,0,0,0,0,0,0,0,0,0,0,0,S.D,MIN,OK
S.DWR1,0,0,0,0,0,0,1,34,0,0,0,0,0,0,0,0,0,0,0,0,0,0,0,0,0,0,0,0,0,S.D,MIN,OK
S.DWR2,0,0,0,0,0,0,0,0,0,0,0,0,0,0,0,0,0,0,0,0,0,0,0,0,0,0,0,0,0,S.D,MIN,OK
S.DWR3,0,0,0,0,0,0,0,0,0,0,0,0,0,0,0,0,0,0,0,0,0,0,0,0,0,0,0,0,0,S.D,MIN,OK
S.DWR4,0,0,0,0,0,0,0,0,0,5,69,0,0,0,0,0,0,0,0,0,0,0,0,0,0,0,0,0,0,S.D,MIN,OK
S.DTE1,0,0,0,0,0,0,5,163,1,0,0,0,0,0,0,0,0,0,0,0,0,0,0,0,0,0,0,0,0,S.D,MIN,OK
S.DTE2,0,0,0,0,0,0,0,0,0,0,0,0,0,0,0,0,0,0,0,0,0,0,0,0,0,0,0,0,0,S.D,MIN,OK
S.DDL1,0,0,0,0,0,0,0,0,0,0,0,0,0,0,0,0,0,0,0,0,0,0,0,0,0,0,0,0,0,S.D,MIN,OK
S.DDL2,0,0,0,0,0,0,0,0,0,0,0,0,0,0,0,0,0,0,0,1,0,0,0,0,0,0,0,0,0,S.D,MIN,OK
S.DDL3,0,0,0,0,0,0,0,0,0,0,0,0,0,0,0,0,0,0,0,0,0,0,0,0,0,0,0,0,0,S.D,MIN,OK
S.DLB1,0,0,0,0,0,0,0,0,0,0,0,0,0,0,0,0,0,0,0,0,0,0,0,0,0,0,0,0,0,S.D,MIN,OK
S.DLB2,0,0,0,0,0,0,0,0,0,0,0,0,0,0,0,0,0,0,0,0,0,0,0,0,0,0,0,0,0,S.D,MIN,OK
S.DLB3,0,0,0,0,0,0,0,0,0,0,0,0,0,0,0,0,0,0,0,0,0,0,0,0,0,0,0,0,0,S.D,MIN,OK
S.DLB4,0,0,0,0,0,0,0,0,0,0,0,0,0,0,0,0,0,0,0,2,0,0,0,0,0,0,0,0,0,S.D,MIN,OK
S.DDB1,0,0,0,0,0,0,0,0,0,0,0,0,0,0,0,0,0,0,0,0,0,0,0,0,0,0,0,0,0,S.D,MIN,OK
S.DDB2,0,0,0,0,0,0,0,0,0,0,0,0,0,0,0,0,0,0,0,0,0,0,0,0,0,0,0,0,0,S.D,MIN,OK
S.DDB3,0,0,0,0,0,0,0,0,0,0,0,0,0,0,0,0,0,0,0,0,0,0,0,0,0,0,0,0,0,S.D,MIN,OK
S.DDB4,0,0,0,0,0,0,0,0,0,0,0,0,0,0,0,0,0,0,0,0,0,0,0,0,0,0,0,0,0,S.D,MIN,OK
S.DK,0,0,0,0,0,0,0,0,0,0,0,0,0,0,0,0,0,0,0,0,0,0,0,3,3,1,1,0,0,S.D,MIN,OK
S.DP,0,0,0,0,0,0,0,0,0,0,0,0,0,0,0,0,0,0,0,0,0,0,0,0,0,0,0,0,0,S.D,MIN,OK
MINQB1,0,16,8,3,0,194,0,0,0,0,0,0,0,0,0,0,0,0,0,0,0,0,0,0,0,0,0,0,0,MIN,S.D,OK
MINQB2,0,0,0,0,0,0,0,0,0,0,0,0,0,0,0,0,0,0,0,0,0,0,0,0,0,0,0,0,0,MIN,S.D,OK
MINRB1,0,0,0,0,0,0,2,59,1,0,0,0,0,0,0,21,139,0,0,0,0,0,0,0,0,0,0,0,0,MIN,S.D,OK
MINRB2,0,0,0,0,0,0,1,15,1,0,0,0,0,0,0,0,0,0,0,0,0,0,0,0,0,0,0,0,0,MIN,S.D,OK
MINRB3,0,0,0,0,0,0,0,0,0,0,0,0,0,0,0,0,0,0,0,0,0,0,0,0,0,0,0,0,0,MIN,S.D,OK
MINRB4,0,0,0,0,0,0,0,0,0,0,0,0,0,0,0,0,0,0,0,0,0,0,0,0,0,0,0,0,0,MIN,S.D,OK
MINWR1,0,0,0,0,0,0,2,55,0,4,81,0,0,0,0,0,0,0,0,0,0,0,0,0,0,0,0,0,0,MIN,S.D,OK
MINWR2,0,0,0,0,0,0,1,10,0,0,0,0,0,0,0,0,0,0,0,0,0,0,0,0,0,0,0,0,0,MIN,S.D,OK
MINWR3,0,0,0,0,0,0,0,0,0,0,0,0,0,0,0,0,0,0,0,0,0,0,0,0,0,0,0,0,0,MIN,S.D,OK
MINWR4,0,0,0,0,0,0,0,0,0,0,0,0,0,0,0,0,0,0,0,0,0,0,0,0,0,0,0,0,0,MIN,S.D,OK
MINTE1,0,0,0,0,0,0,2,55,1,0,0,0,0,0,0,0,0,0,0,0,0,0,0,0,0,0,0,0,0,MIN,S.D,OK
MINTE2,0,0,0,0,0,0,0,0,0,0,0,0,0,0,0,0,0,0,0,0,0,0,0,0,0,0,0,0,0,MIN,S.D,OK
MINDL1,0,0,0,0,0,0,0,0,0,0,0,0,0,0,0,0,0,0,0,0,0,0,0,0,0,0,0,0,0,MIN,S.D,OK
MINDL2,0,0,0,0,0,0,0,0,0,0,0,0,0,0,0,0,0,0,0,0,0,0,0,0,0,0,0,0,0,MIN,S.D,OK
MINDL3,0,0,0,0,0,0,0,0,0,0,0,0,0,0,0,0,0,0,8,0,0,0,0,0,0,0,0,0,0,MIN,S.D,OK
MINLB1,0,0,0,0,0,0,0,0,0,0,0,0,0,0,0,0,0,0,70,0,0,0,0,0,0,0,0,0,0,MIN,S.D,OK
MINLB2,0,0,0,0,0,0,0,0,0,0,0,0,0,0,0,0,0,0,0,0,0,0,0,0,0,0,0,0,0,MIN,S.D,OK
MINLB3,0,0,0,0,0,0,0,0,0,0,0,0,0,0,0,0,0,0,0,0,0,0,0,0,0,0,0,0,0,MIN,S.D,OK
MINLB4,0,0,0,0,0,0,0,0,0,0,0,0,0,0,0,0,0,0,0,0,0,0,0,0,0,0,0,0,0,MIN,S.D,OK
MINDB1,0,0,0,0,0,0,0,0,0,0,0,0,0,0,0,0,0,0,0,0,0,0,0,0,0,0,0,0,0,MIN,S.D,OK
MINDB2,0,0,0,0,0,0,0,0,0,0,0,0,0,0,0,0,0,0,0,0,1,7,0,0,0,0,0,0,0,MIN,S.D,OK
MINDB3,0,0,0,0,0,0,0,0,0,0,0,0,0,0,0,0,0,0,0,0,0,0,0,0,0,0,0,0,0,MIN,S.D,OK
MINDB4,0,0,0,0,0,0,0,0,0,0,0,0,0,0,0,0,0,0,0,0,1,0,0,0,0,0,0,0,0,MIN,S.D,OK
MINK,0,0,0,0,0,0,0,0,0,0,0,0,0,0,0,0,0,0,0,0,0,0,0,3,3,3,2,0,0,MIN,S.D,OK
MINP,0,0,0,0,0,0,0,0,0,0,0,0,0,0,0,0,0,0,0,0,0,0,0,0,0,0,0,0,0,MIN,S.D,OK