BALQB1,1,8,6,1,0,141,0,0,0,0,0,0,0,0,0,0,0,0,0,0,0,0,0,0,0,0,0,0,0,BAL,NYJ,OK
BALQB2,1,0,0,0,0,0,0,0,0,0,0,0,0,0,0,0,0,0,0,0,0,0,0,0,0,0,0,0,0,BAL,NYJ,OK
BALRB1,1,0,0,0,0,0,1,37,0,0,0,0,0,0,0,11,82,2,0,0,0,0,0,0,0,0,0,0,0,BAL,NYJ,OK
BALRB2,1,0,0,0,0,0,1,11,0,0,0,0,0,0,0,5,43,0,0,0,0,0,0,0,0,0,0,0,0,BAL,NYJ,OK
BALRB3,1,0,0,0,0,0,0,0,0,0,0,0,0,0,0,0,0,0,0,0,0,0,0,0,0,0,0,0,0,BAL,NYJ,OK
BALRB4,1,0,0,0,0,0,0,0,0,0,0,0,0,0,0,0,0,0,0,0,0,0,0,0,0,0,0,0,0,BAL,NYJ,OK
BALWR1,1,0,0,0,0,0,1,28,1,0,0,0,0,0,0,0,0,0,0,0,0,0,0,0,0,0,0,0,0,BAL,NYJ,OK
BALWR2,1,0,0,0,0,0,2,47,0,0,0,0,0,0,0,0,0,0,0,0,0,0,0,0,0,0,0,0,0,BAL,NYJ,OK
BALWR3,1,0,0,0,0,0,0,0,0,0,0,0,0,0,0,0,0,0,0,0,0,0,0,0,0,0,0,0,0,BAL,NYJ,OK
BALWR4,1,0,0,0,0,0,0,0,0,3,28,0,2,7,0,0,0,0,0,0,0,0,0,0,0,0,0,0,0,BAL,NYJ,OK
BALTE1,1,0,0,0,0,0,1,18,0,0,0,0,0,0,0,0,0,0,0,0,0,0,0,0,0,0,0,0,0,BAL,NYJ,OK
BALTE2,1,0,0,0,0,0,0,0,0,0,0,0,0,0,0,0,0,0,0,0,0,0,0,0,0,0,0,0,0,BAL,NYJ,OK
BALDL1,1,0,0,0,0,0,0,0,0,0,0,0,0,0,0,0,0,0,0,0,0,0,0,0,0,0,0,0,0,BAL,NYJ,OK
BALDL2,1,0,0,0,0,0,0,0,0,0,0,0,0,0,0,0,0,0,0,0,1,13,0,0,0,0,0,0,0,BAL,NYJ,OK
BALDL3,1,0,0,0,0,0,0,0,0,0,0,0,0,0,0,0,0,0,0,1,0,0,0,0,0,0,0,0,0,BAL,NYJ,OK
BALLB1,1,0,0,0,0,0,0,0,0,0,0,0,0,0,0,0,0,0,0,0,0,0,0,0,0,0,0,0,0,BAL,NYJ,OK
BALLB2,1,0,0,0,0,0,0,0,0,0,0,0,0,0,0,0,0,0,0,0,0,0,0,0,0,0,0,0,0,BAL,NYJ,OK
BALLB3,1,0,0,0,0,0,0,0,0,0,0,0,0,0,0,0,0,0,0,0,0,0,0,0,0,0,0,0,0,BAL,NYJ,OK
BALLB4,1,0,0,0,0,0,0,0,0,0,0,0,0,0,0,0,0,0,0,0,1,10,0,0,0,0,0,0,0,BAL,NYJ,OK
BALDB1,1,0,0,0,0,0,0,0,0,0,0,0,0,0,0,0,0,0,0,0,0,0,0,0,0,0,0,0,0,BAL,NYJ,OK
BALDB2,1,0,0,0,0,0,0,0,0,0,0,0,0,0,0,0,0,0,0,0,0,0,0,0,0,0,0,0,0,BAL,NYJ,OK
BALDB3,1,0,0,0,0,0,0,0,0,0,0,0,0,0,0,0,0,0,0,0,0,0,0,0,0,0,0,0,0,BAL,NYJ,OK
BALDB4,1,0,0,0,0,0,0,0,0,0,0,0,0,0,0,0,0,0,0,0,0,0,0,0,0,0,0,0,0,BAL,NYJ,OK
BALK,1,0,0,0,0,0,0,0,0,0,0,0,0,0,0,0,0,0,0,0,0,0,0,3,3,0,0,0,0,BAL,NYJ,OK
BALP,1,0,0,0,0,0,0,0,0,0,0,0,0,0,0,0,0,0,0,0,0,0,0,0,0,0,0,3,139,BAL,NYJ,OK
NYJQB1,1,14,3,1,2,82,0,0,0,0,0,0,0,0,0,0,0,0,0,0,0,0,0,0,0,0,0,0,0,NYJ,BAL,OK
NYJQB2,1,0,0,0,0,0,0,0,0,0,0,0,0,0,0,0,0,0,0,0,0,0,0,0,0,0,0,0,0,NYJ,BAL,OK
NYJRB1,1,0,0,0,0,0,1,38,0,0,0,0,0,0,0,9,25,1,0,0,0,0,0,0,0,0,0,0,0,NYJ,BAL,OK
NYJRB2,1,0,0,0,0,0,0,0,0,0,0,0,0,0,0,4,20,0,0,0,0,0,0,0,0,0,0,0,0,NYJ,BAL,OK
NYJRB3,1,0,0,0,0,0,0,0,0,0,0,0,0,0,0,0,0,0,0,0,0,0,0,0,0,0,0,0,0,NYJ,BAL,OK
NYJRB4,1,0,0,0,0,0,0,0,0,0,0,0,0,0,0,0,0,0,0,0,0,0,0,0,0,0,0,0,0,NYJ,BAL,OK
NYJWR1,1,0,0,0,0,0,1,23,0,0,0,0,3,62,0,0,0,0,0,0,0,0,0,0,0,0,0,0,0,NYJ,BAL,OK
NYJWR2,1,0,0,0,0,0,1,21,1,0,0,0,0,0,0,0,0,0,0,0,0,0,0,0,0,0,0,0,0,NYJ,BAL,OK
NYJWR3,1,0,0,0,0,0,0,0,0,0,0,0,0,0,0,0,0,0,0,0,0,0,0,0,0,0,0,0,0,NYJ,BAL,OK
NYJWR4,1,0,0,0,0,0,0,0,0,4,85,0,0,0,0,0,0,0,0,0,0,0,0,0,0,0,0,0,0,NYJ,BAL,OK
NYJTE1,1,0,0,0,0,0,0,0,0,0,0,0,0,0,0,0,0,0,0,0,0,0,0,0,0,0,0,0,0,NYJ,BAL,OK
NYJTE2,1,0,0,0,0,0,0,0,0,0,0,0,0,0,0,0,0,0,0,0,0,0,0,0,0,0,0,0,0,NYJ,BAL,OK
NYJDL1,1,0,0,0,0,0,0,0,0,0,0,0,0,0,0,0,0,0,0,0,0,0,0,0,0,0,0,0,0,NYJ,BAL,OK
NYJDL2,1,0,0,0,0,0,0,0,0,0,0,0,0,0,0,0,0,0,0,0,0,0,0,0,0,0,0,0,0,NYJ,BAL,OK
NYJDL3,1,0,0,0,0,0,0,0,0,0,0,0,0,0,0,0,0,0,0,0,0,0,0,0,0,0,0,0,0,NYJ,BAL,OK
NYJLB1,1,0,0,0,0,0,0,0,0,0,0,0,0,0,0,0,0,0,0,0,0,0,0,0,0,0,0,0,0,NYJ,BAL,OK
NYJLB2,1,0,0,0,0,0,0,0,0,0,0,0,0,0,0,0,0,0,0,1,0,0,0,0,0,0,0,0,0,NYJ,BAL,OK
NYJLB3,1,0,0,0,0,0,0,0,0,0,0,0,0,0,0,0,0,0,0,0,0,0,0,0,0,0,0,0,0,NYJ,BAL,OK
NYJLB4,1,0,0,0,0,0,0,0,0,0,0,0,0,0,0,0,0,0,0,1,0,0,0,0,0,0,0,0,0,NYJ,BAL,OK
NYJDB1,1,0,0,0,0,0,0,0,0,0,0,0,0,0,0,0,0,0,0,0,0,0,0,0,0,0,0,0,0,NYJ,BAL,OK
NYJDB2,1,0,0,0,0,0,0,0,0,0,0,0,0,0,0,0,0,0,0,0,0,0,0,0,0,0,0,0,0,NYJ,BAL,OK
NYJDB3,1,0,0,0,0,0,0,0,0,0,0,0,0,0,0,0,0,0,0,0,0,0,0,0,0,0,0,0,0,NYJ,BAL,OK
NYJDB4,1,0,0,0,0,0,0,0,0,0,0,0,0,0,0,0,0,0,0,0,0,0,0,0,0,0,0,0,0,NYJ,BAL,OK
NYJK,1,0,0,0,0,0,0,0,0,0,0,0,0,0,0,0,0,0,0,0,0,0,0,2,2,0,0,0,0,NYJ,BAL,OK
NYJP,1,0,0,0,0,0,0,0,0,0,0,0,0,0,0,0,0,0,0,0,0,0,0,0,0,0,0,2,107,NYJ,BAL,OK