MIAQB1,1,12,7,1,0,124,0,0,0,0,0,0,0,0,0,0,0,0,0,0,0,0,0,0,0,0,0,0,0,MIA,N.E,OK
MIAQB2,1,0,0,0,0,0,0,0,0,0,0,0,0,0,0,0,0,0,0,0,0,0,0,0,0,0,0,0,0,MIA,N.E,OK
MIARB1,1,0,0,0,0,0,0,0,0,0,0,0,0,0,0,10,19,0,0,0,0,0,0,0,0,0,0,0,0,MIA,N.E,OK
MIARB2,1,0,0,0,0,0,2,24,1,4,76,0,1,14,0,0,0,0,0,0,0,0,0,0,0,0,0,0,0,MIA,N.E,OK
MIARB3,1,0,0,0,0,0,0,0,0,0,0,0,0,0,0,0,0,0,0,0,0,0,0,0,0,0,0,0,0,MIA,N.E,OK
MIARB4,1,0,0,0,0,0,0,0,0,0,0,0,0,0,0,0,0,0,0,0,0,0,0,0,0,0,0,0,0,MIA,N.E,OK
MIAWR1,1,0,0,0,0,0,3,55,0,0,0,0,0,0,0,2,13,1,0,0,0,0,0,0,0,0,0,0,0,MIA,N.E,OK
MIAWR2,1,0,0,0,0,0,2,45,0,0,0,0,0,0,0,0,0,0,0,0,0,0,0,0,0,0,0,0,0,MIA,N.E,OK
MIAWR3,1,0,0,0,0,0,0,0,0,0,0,0,0,0,0,0,0,0,0,0,0,0,0,0,0,0,0,0,0,MIA,N.E,OK
MIAWR4,1,0,0,0,0,0,0,0,0,0,0,0,0,0,0,0,0,0,0,0,0,0,0,0,0,0,0,0,0,MIA,N.E,OK
MIATE1,1,0,0,0,0,0,0,0,0,0,0,0,0,0,0,0,0,0,0,0,0,0,0,0,0,0,0,0,0,MIA,N.E,OK
MIATE2,1,0,0,0,0,0,0,0,0,0,0,0,0,0,0,0,0,0,0,0,0,0,0,0,0,0,0,0,0,MIA,N.E,OK
MIADL1,1,0,0,0,0,0,0,0,0,0,0,0,0,0,0,0,0,0,0,0,0,0,0,0,0,0,0,0,0,MIA,N.E,OK
MIADL2,1,0,0,0,0,0,0,0,0,0,0,0,0,0,0,0,0,0,0,0,0,0,0,0,0,0,0,0,0,MIA,N.E,OK
MIADL3,1,0,0,0,0,0,0,0,0,0,0,0,0,0,0,0,0,0,0,0,0,0,0,0,0,0,0,0,0,MIA,N.E,OK
MIALB1,1,0,0,0,0,0,0,0,0,0,0,0,0,0,0,0,0,0,0,0,0,0,0,0,0,0,0,0,0,MIA,N.E,OK
MIALB2,1,0,0,0,0,0,0,0,0,0,0,0,0,0,0,0,0,0,0,1,0,0,0,0,0,0,0,0,0,MIA,N.E,OK
MIALB3,1,0,0,0,0,0,0,0,0,0,0,0,0,0,0,0,0,0,0,0,0,0,0,0,0,0,0,0,0,MIA,N.E,OK
MIALB4,1,0,0,0,0,0,0,0,0,0,0,0,0,0,0,0,0,0,0,0,1,12,0,0,0,0,0,0,0,MIA,N.E,OK
MIADB1,1,0,0,0,0,0,0,0,0,0,0,0,0,0,0,0,0,0,0,0,0,0,0,0,0,0,0,0,0,MIA,N.E,OK
MIADB2,1,0,0,0,0,0,0,0,0,0,0,0,0,0,0,0,0,0,0,0,0,0,0,0,0,0,0,0,0,MIA,N.E,OK
MIADB3,1,0,0,0,0,0,0,0,0,0,0,0,0,0,0,0,0,0,0,0,0,0,0,0,0,0,0,0,0,MIA,N.E,OK
MIADB4,1,0,0,0,0,0,0,0,0,0,0,0,0,0,0,0,0,0,0,0,1,13,0,0,0,0,0,0,0,MIA,N.E,OK
MIAK,1,0,0,0,0,0,0,0,0,0,0,0,0,0,0,0,0,0,0,0,0,0,0,2,2,0,0,0,0,MIA,N.E,OK
MIAP,1,0,0,0,0,0,0,0,0,0,0,0,0,0,0,0,0,0,0,0,0,0,0,0,0,0,0,3,154,MIA,N.E,OK
N.EQB1,1,16,9,1,2,220,0,0,0,0,0,0,0,0,0,0,0,0,0,0,0,0,0,0,0,0,0,0,0,N.E,MIA,OK
N.EQB2,1,0,0,0,0,0,0,0,0,0,0,0,0,0,0,0,0,0,0,0,0,0,0,0,0,0,0,0,0,N.E,MIA,OK
N.ERB1,1,0,0,0,0,0,0,0,0,0,0,0,0,0,0,5,38,0,0,0,0,0,0,0,0,0,0,0,0,N.E,MIA,OK
N.ERB2,1,0,0,0,0,0,0,0,0,0,0,0,0,0,0,9,50,1,0,0,0,0,0,0,0,0,0,0,0,N.E,MIA,OK
N.ERB3,1,0,0,0,0,0,0,0,0,3,16,0,1,8,0,0,0,0,0,0,0,0,0,0,0,0,0,0,0,N.E,MIA,OK
N.ERB4,1,0,0,0,0,0,0,0,0,0,0,0,1,4,0,0,0,0,0,0,0,0,0,0,0,0,0,0,0,N.E,MIA,INJURED
N.EWR1,1,0,0,0,0,0,4,88,1,0,0,0,0,0,0,0,0,0,0,0,0,0,0,0,0,0,0,0,0,N.E,MIA,OK
N.EWR2,1,0,0,0,0,0,3,93,0,0,0,0,0,0,0,0,0,0,0,0,0,0,0,0,0,0,0,0,0,N.E,MIA,OK
N.EWR3,1,0,0,0,0,0,0,0,0,0,0,0,0,0,0,0,0,0,0,0,0,0,0,0,0,0,0,0,0,N.E,MIA,OK
N.EWR4,1,0,0,0,0,0,0,0,0,0,0,0,0,0,0,0,0,0,0,0,0,0,0,0,0,0,0,0,0,N.E,MIA,OK
N.ETE1,1,0,0,0,0,0,2,39,0,0,0,0,0,0,0,0,0,0,0,0,0,0,0,0,0,0,0,0,0,N.E,MIA,OK
N.ETE2,1,0,0,0,0,0,0,0,0,0,0,0,0,0,0,0,0,0,0,0,0,0,0,0,0,0,0,0,0,N.E,MIA,OK
N.EDL1,1,0,0,0,0,0,0,0,0,0,0,0,0,0,0,0,0,0,0,0,0,0,0,0,0,0,0,0,0,N.E,MIA,OK
N.EDL2,1,0,0,0,0,0,0,0,0,0,0,0,0,0,0,0,0,0,0,0,0,0,0,0,0,0,0,0,0,N.E,MIA,OK
N.EDL3,1,0,0,0,0,0,0,0,0,0,0,0,0,0,0,0,0,0,0,0,0,0,0,0,0,0,0,0,0,N.E,MIA,OK
N.ELB1,1,0,0,0,0,0,0,0,0,0,0,0,0,0,0,0,0,0,0,0,0,0,0,0,0,0,0,0,0,N.E,MIA,OK
N.ELB2,1,0,0,0,0,0,0,0,0,0,0,0,0,0,0,0,0,0,0,0,0,0,0,0,0,0,0,0,0,N.E,MIA,OK
N.ELB3,1,0,0,0,0,0,0,0,0,0,0,0,0,0,0,0,0,0,0,3,0,0,0,0,0,0,0,0,0,N.E,MIA,OK
N.ELB4,1,0,0,0,0,0,0,0,0,0,0,0,0,0,0,0,0,0,0,0,0,0,0,0,0,0,0,0,0,N.E,MIA,OK
N.EDB1,1,0,0,0,0,0,0,0,0,0,0,0,0,0,0,0,0,0,0,0,0,0,0,0,0,0,0,0,0,N.E,MIA,OK
N.EDB2,1,0,0,0,0,0,0,0,0,0,0,0,0,0,0,0,0,0,0,0,0,0,0,0,0,0,0,0,0,N.E,MIA,OK
N.EDB3,1,0,0,0,0,0,0,0,0,0,0,0,0,0,0,0,0,0,0,0,0,0,0,0,0,0,0,0,0,N.E,MIA,OK
N.EDB4,1,0,0,0,0,0,0,0,0,0,0,0,0,0,0,0,0,0,0,0,0,0,0,0,0,0,0,0,0,N.E,MIA,OK
N.EK,1,0,0,0,0,0,0,0,0,0,0,0,0,0,0,0,0,0,0,0,0,0,0,2,2,1,1,0,0,N.E,MIA,OK
N.EP,1,0,0,0,0,0,0,0,0,0,0,0,0,0,0,0,0,0,0,0,0,0,0,0,0,0,0,1,51,N.E,MIA,OK