ATLQB1,2,11,8,3,0,165,0,0,0,0,0,0,0,0,0,0,0,0,0,0,0,0,0,0,0,0,0,0,0,ATL,PIT,OK
ATLQB2,2,0,0,0,0,0,0,0,0,0,0,0,0,0,0,0,0,0,0,0,0,0,0,0,0,0,0,0,0,ATL,PIT,OK
ATLRB1,2,0,0,0,0,0,1,42,1,0,0,0,0,0,0,14,121,0,0,0,0,0,0,0,0,0,0,0,0,ATL,PIT,OK
ATLRB2,2,0,0,0,0,0,1,3,1,0,0,0,0,0,0,2,2,0,0,0,0,0,0,0,0,0,0,0,0,ATL,PIT,OK
ATLRB3,2,0,0,0,0,0,0,0,0,0,0,0,0,0,0,0,0,0,0,0,0,0,0,0,0,0,0,0,0,ATL,PIT,OK
ATLRB4,2,0,0,0,0,0,0,0,0,0,0,0,0,0,0,0,0,0,0,0,0,0,0,0,0,0,0,0,0,ATL,PIT,OK
ATLWR1,2,0,0,0,0,0,4,105,0,0,0,0,0,0,0,0,0,0,0,0,0,0,0,0,0,0,0,0,0,ATL,PIT,OK
ATLWR2,2,0,0,0,0,0,1,0,0,0,0,0,0,0,0,0,0,0,0,0,0,0,0,0,0,0,0,0,0,ATL,PIT,OK
ATLWR3,2,0,0,0,0,0,0,0,0,0,0,0,0,0,0,0,0,0,0,0,0,0,0,0,0,0,0,0,0,ATL,PIT,OK
ATLWR4,2,0,0,0,0,0,0,0,0,6,119,0,0,0,0,0,0,0,0,0,0,0,0,0,0,0,0,0,0,ATL,PIT,OK
ATLTE1,2,0,0,0,0,0,1,15,1,0,0,0,0,0,0,0,0,0,0,0,0,0,0,0,0,0,0,0,0,ATL,PIT,OK
ATLTE2,2,0,0,0,0,0,0,0,0,0,0,0,0,0,0,0,0,0,0,0,0,0,0,0,0,0,0,0,0,ATL,PIT,OK
ATLDL1,2,0,0,0,0,0,0,0,0,0,0,0,0,0,0,0,0,0,0,0,0,0,0,0,0,0,0,0,0,ATL,PIT,OK
ATLDL2,2,0,0,0,0,0,0,0,0,0,0,0,0,0,0,0,0,0,0,0,0,0,0,0,0,0,0,0,0,ATL,PIT,OK
ATLDL3,2,0,0,0,0,0,0,0,0,0,0,0,0,0,0,0,0,0,0,0,0,0,0,0,0,0,0,0,0,ATL,PIT,OK
ATLLB1,2,0,0,0,0,0,0,0,0,0,0,0,0,0,0,0,0,0,0,0,0,0,0,0,0,0,0,0,0,ATL,PIT,OK
ATLLB2,2,0,0,0,0,0,0,0,0,0,0,0,0,0,0,0,0,0,0,0,0,0,0,0,0,0,0,0,0,ATL,PIT,OK
ATLLB3,2,0,0,0,0,0,0,0,0,0,0,0,0,0,0,0,0,0,0,0,0,0,0,0,0,0,0,0,0,ATL,PIT,OK
ATLLB4,2,0,0,0,0,0,0,0,0,0,0,0,0,0,0,0,0,0,0,0,0,0,0,0,0,0,0,0,0,ATL,PIT,OK
ATLDB1,2,0,0,0,0,0,0,0,0,0,0,0,0,0,0,0,0,0,0,0,0,0,0,0,0,0,0,0,0,ATL,PIT,OK
ATLDB2,2,0,0,0,0,0,0,0,0,0,0,0,0,0,0,0,0,0,0,0,0,0,0,0,0,0,0,0,0,ATL,PIT,OK
ATLDB3,2,0,0,0,0,0,0,0,0,0,0,0,0,0,0,0,0,0,0,0,0,0,0,0,0,0,0,0,0,ATL,PIT,OK
ATLDB4,2,0,0,0,0,0,0,0,0,0,0,0,0,0,0,0,0,0,0,0,0,0,0,0,0,0,0,0,0,ATL,PIT,OK
ATLK,2,0,0,0,0,0,0,0,0,0,0,0,0,0,0,0,0,0,0,0,0,0,0,3,3,1,1,0,0,ATL,PIT,OK
ATLP,2,0,0,0,0,0,0,0,0,0,0,0,0,0,0,0,0,0,0,0,0,0,0,0,0,0,0,2,87,ATL,PIT,OK
PITQB1,2,11,6,3,0,189,0,0,0,0,0,0,0,0,0,0,0,0,0,0,0,0,0,0,0,0,0,0,0,PIT,ATL,OK
PITQB2,2,0,0,0,0,0,0,0,0,0,0,0,0,0,0,0,0,0,0,0,0,0,0,0,0,0,0,0,0,PIT,ATL,OK
PITRB1,2,0,0,0,0,0,0,0,0,0,0,0,0,0,0,6,29,1,0,0,0,0,0,0,0,0,0,0,0,PIT,ATL,OK
PITRB2,2,0,0,0,0,0,0,0,0,0,0,0,0,0,0,1,6,0,0,0,0,0,0,0,0,0,0,0,0,PIT,ATL,OK
PITRB3,2,0,0,0,0,0,0,0,0,0,0,0,0,0,0,0,0,0,0,0,0,0,0,0,0,0,0,0,0,PIT,ATL,OK
PITRB4,2,0,0,0,0,0,0,0,0,0,0,0,0,0,0,0,0,0,0,0,0,0,0,0,0,0,0,0,0,PIT,ATL,OK
PITWR1,2,0,0,0,0,0,2,62,1,0,0,0,0,0,0,0,0,0,0,0,0,0,0,0,0,0,0,0,0,PIT,ATL,OK
PITWR2,2,0,0,0,0,0,2,77,1,0,0,0,0,0,0,0,0,0,0,0,0,0,0,0,0,0,0,0,0,PIT,ATL,OK
PITWR3,2,0,0,0,0,0,0,0,0,5,128,0,2,28,0,0,0,0,0,0,0,0,0,0,0,0,0,0,0,PIT,ATL,OK
PITWR4,2,0,0,0,0,0,0,0,0,0,0,0,0,0,0,0,0,0,0,0,0,0,0,0,0,0,0,0,0,PIT,ATL,OK
PITTE1,2,0,0,0,0,0,2,50,1,0,0,0,0,0,0,0,0,0,0,0,0,0,0,0,0,0,0,0,0,PIT,ATL,OK
PITTE2,2,0,0,0,0,0,0,0,0,0,0,0,0,0,0,0,0,0,0,0,0,0,0,0,0,0,0,0,0,PIT,ATL,OK
PITDL1,2,0,0,0,0,0,0,0,0,0,0,0,0,0,0,0,0,0,0,0,0,0,0,0,0,0,0,0,0,PIT,ATL,OK
PITDL2,2,0,0,0,0,0,0,0,0,0,0,0,0,0,0,0,0,0,0,0,0,0,0,0,0,0,0,0,0,PIT,ATL,OK
PITDL3,2,0,0,0,0,0,0,0,0,0,0,0,0,0,0,0,0,0,0,2,0,0,0,0,0,0,0,0,0,PIT,ATL,OK
PITLB1,2,0,0,0,0,0,0,0,0,0,0,0,0,0,0,0,0,0,0,3,0,0,0,0,0,0,0,0,0,PIT,ATL,OK
PITLB2,2,0,0,0,0,0,0,0,0,0,0,0,0,0,0,0,0,0,0,0,0,0,0,0,0,0,0,0,0,PIT,ATL,OK
PITLB3,2,0,0,0,0,0,0,0,0,0,0,0,0,0,0,0,0,0,0,0,0,0,0,0,0,0,0,0,0,PIT,ATL,OK
PITLB4,2,0,0,0,0,0,0,0,0,0,0,0,0,0,0,0,0,0,0,0,0,0,0,0,0,0,0,0,0,PIT,ATL,OK
PITDB1,2,0,0,0,0,0,0,0,0,0,0,0,0,0,0,0,0,0,0,0,0,0,0,0,0,0,0,0,0,PIT,ATL,OK
PITDB2,2,0,0,0,0,0,0,0,0,0,0,0,0,0,0,0,0,0,0,0,0,0,0,0,0,0,0,0,0,PIT,ATL,OK
PITDB3,2,0,0,0,0,0,0,0,0,0,0,0,0,0,0,0,0,0,0,0,0,0,0,0,0,0,0,0,0,PIT,ATL,OK
PITDB4,2,0,0,0,0,0,0,0,0,0,0,0,0,0,0,0,0,0,0,0,0,0,0,0,0,0,0,0,0,PIT,ATL,OK
PITK,2,0,0,0,0,0,0,0,0,0,0,0,0,0,0,0,0,0,0,0,0,0,0,4,4,1,1,0,0,PIT,ATL,OK
PITP,2,0,0,0,0,0,0,0,0,0,0,0,0,0,0,0,0,0,0,0,0,0,0,0,0,0,0,1,49,PIT,ATL,OK