K.CQB1,2,12,5,0,2,136,0,0,0,0,0,0,0,0,0,0,0,0,0,0,0,0,0,0,0,0,0,0,0,K.C,BUF,OK
K.CQB2,2,0,0,0,0,0,0,0,0,0,0,0,0,0,0,0,0,0,0,0,0,0,0,0,0,0,0,0,0,K.C,BUF,OK
K.CRB1,2,0,0,0,0,0,1,13,0,0,0,0,0,0,0,14,125,2,0,0,0,0,0,0,0,0,0,0,0,K.C,BUF,OK
K.CRB2,2,0,0,0,0,0,2,65,0,0,0,0,0,0,0,6,44,0,0,0,0,0,0,0,0,0,0,0,0,K.C,BUF,OK
K.CRB3,2,0,0,0,0,0,0,0,0,0,0,0,0,0,0,0,0,0,0,0,0,0,0,0,0,0,0,0,0,K.C,BUF,OK
K.CRB4,2,0,0,0,0,0,0,0,0,0,0,0,0,0,0,0,0,0,0,0,0,0,0,0,0,0,0,0,0,K.C,BUF,OK
K.CWR1,2,0,0,0,0,0,1,11,0,0,0,0,0,0,0,0,0,0,0,0,0,0,0,0,0,0,0,0,0,K.C,BUF,OK
K.CWR2,2,0,0,0,0,0,1,47,0,0,0,0,0,0,0,0,0,0,0,0,0,0,0,0,0,0,0,0,0,K.C,BUF,OK
K.CWR3,2,0,0,0,0,0,0,0,0,0,0,0,0,0,0,0,0,0,0,0,0,0,0,0,0,0,0,0,0,K.C,BUF,OK
K.CWR4,2,0,0,0,0,0,0,0,0,5,104,0,1,1,0,0,0,0,0,0,0,0,0,0,0,0,0,0,0,K.C,BUF,OK
K.CTE1,2,0,0,0,0,0,0,0,0,0,0,0,0,0,0,0,0,0,0,0,0,0,0,0,0,0,0,0,0,K.C,BUF,OK
K.CTE2,2,0,0,0,0,0,0,0,0,0,0,0,0,0,0,0,0,0,0,0,0,0,0,0,0,0,0,0,0,K.C,BUF,OK
K.CDL1,2,0,0,0,0,0,0,0,0,0,0,0,0,0,0,0,0,0,0,1,0,0,0,0,0,0,0,0,0,K.C,BUF,OK
K.CDL2,2,0,0,0,0,0,0,0,0,0,0,0,0,0,0,0,0,0,0,2,0,0,0,0,0,0,0,0,0,K.C,BUF,OK
K.CDL3,2,0,0,0,0,0,0,0,0,0,0,0,0,0,0,0,0,0,0,0,0,0,0,0,0,0,0,0,0,K.C,BUF,OK
K.CLB1,2,0,0,0,0,0,0,0,0,0,0,0,0,0,0,0,0,0,0,1,0,0,0,0,0,0,0,0,0,K.C,BUF,OK
K.CLB2,2,0,0,0,0,0,0,0,0,0,0,0,0,0,0,0,0,0,0,1,0,0,0,0,0,0,0,0,0,K.C,BUF,OK
K.CLB3,2,0,0,0,0,0,0,0,0,0,0,0,0,0,0,0,0,0,0,1,0,0,0,0,0,0,0,0,0,K.C,BUF,OK
K.CLB4,2,0,0,0,0,0,0,0,0,0,0,0,0,0,0,0,0,0,0,2,0,0,0,0,0,0,0,0,0,K.C,BUF,OK
K.CDB1,2,0,0,0,0,0,0,0,0,0,0,0,0,0,0,0,0,0,0,0,0,0,0,0,0,0,0,0,0,K.C,BUF,OK
K.CDB2,2,0,0,0,0,0,0,0,0,0,0,0,0,0,0,0,0,0,0,0,0,0,0,0,0,0,0,0,0,K.C,BUF,OK
K.CDB3,2,0,0,0,0,0,0,0,0,0,0,0,0,0,0,0,0,0,0,0,0,0,0,0,0,0,0,0,0,K.C,BUF,OK
K.CDB4,2,0,0,0,0,0,0,0,0,0,0,0,0,0,0,0,0,0,0,0,0,0,0,0,0,0,0,0,0,K.C,BUF,OK
K.CK,2,0,0,0,0,0,0,0,0,0,0,0,0,0,0,0,0,0,0,0,0,0,0,2,2,1,0,0,0,K.C,BUF,OK
K.CP,2,0,0,0,0,0,0,0,0,0,0,0,0,0,0,0,0,0,0,0,0,0,0,0,0,0,0,0,0,K.C,BUF,OK
BUFQB1,2,11,8,3,0,205,0,0,0,0,0,0,0,0,0,0,0,0,0,0,0,0,0,0,0,0,0,0,0,BUF,K.C,OK
BUFQB2,2,0,0,0,0,0,0,0,0,0,0,0,0,0,0,0,0,0,0,0,0,0,0,0,0,0,0,0,0,BUF,K.C,OK
BUFRB1,2,0,0,0,0,0,1,17,1,0,0,0,0,0,0,6,17,0,0,0,0,0,0,0,0,0,0,0,0,BUF,K.C,OK
BUFRB2,2,0,0,0,0,0,2,75,0,0,0,0,0,0,0,1,5,0,0,0,0,0,0,0,0,0,0,0,0,BUF,K.C,OK
BUFRB3,2,0,0,0,0,0,0,0,0,3,71,0,0,0,0,0,0,0,0,0,0,0,0,0,0,0,0,0,0,BUF,K.C,OK
BUFRB4,2,0,0,0,0,0,0,0,0,0,0,0,0,0,0,0,0,0,0,0,0,0,0,0,0,0,0,0,0,BUF,K.C,OK
BUFWR1,2,0,0,0,0,0,2,40,1,0,0,0,0,0,0,0,0,0,0,0,0,0,0,0,0,0,0,0,0,BUF,K.C,OK
BUFWR2,2,0,0,0,0,0,3,73,1,0,0,0,0,0,0,0,0,0,0,0,0,0,0,0,0,0,0,0,0,BUF,K.C,OK
BUFWR3,2,0,0,0,0,0,0,0,0,0,0,0,0,0,0,0,0,0,0,0,0,0,0,0,0,0,0,0,0,BUF,K.C,OK
BUFWR4,2,0,0,0,0,0,0,0,0,0,0,0,0,0,0,0,0,0,0,0,0,0,0,0,0,0,0,0,0,BUF,K.C,OK
BUFTE1,2,0,0,0,0,0,0,0,0,0,0,0,0,0,0,0,0,0,0,0,0,0,0,0,0,0,0,0,0,BUF,K.C,OK
BUFTE2,2,0,0,0,0,0,0,0,0,0,0,0,0,0,0,0,0,0,0,0,0,0,0,0,0,0,0,0,0,BUF,K.C,OK
BUFDL1,2,0,0,0,0,0,0,0,0,0,0,0,0,0,0,0,0,0,0,0,0,0,0,0,0,0,0,0,0,BUF,K.C,OK
BUFDL2,2,0,0,0,0,0,0,0,0,0,0,0,0,0,0,0,0,0,0,0,0,0,0,0,0,0,0,0,0,BUF,K.C,OK
BUFDL3,2,0,0,0,0,0,0,0,0,0,0,0,0,0,0,0,0,0,0,0,0,0,0,0,0,0,0,0,0,BUF,K.C,OK
BUFLB1,2,0,0,0,0,0,0,0,0,0,0,0,0,0,0,0,0,0,0,1,1,14,0,0,0,0,0,0,0,BUF,K.C,OK
BUFLB2,2,0,0,0,0,0,0,0,0,0,0,0,0,0,0,0,0,0,0,2,0,0,0,0,0,0,0,0,0,BUF,K.C,OK
BUFLB3,2,0,0,0,0,0,0,0,0,0,0,0,0,0,0,0,0,0,0,0,0,0,0,0,0,0,0,0,0,BUF,K.C,OK
BUFLB4,2,0,0,0,0,0,0,0,0,0,0,0,0,0,0,0,0,0,0,0,1,6,0,0,0,0,0,0,0,BUF,K.C,OK
BUFDB1,2,0,0,0,0,0,0,0,0,0,0,0,0,0,0,0,0,0,0,0,0,0,0,0,0,0,0,0,0,BUF,K.C,OK
BUFDB2,2,0,0,0,0,0,0,0,0,0,0,0,0,0,0,0,0,0,0,0,0,0,0,0,0,0,0,0,0,BUF,K.C,OK
BUFDB3,2,0,0,0,0,0,0,0,0,0,0,0,0,0,0,0,0,0,0,0,0,0,0,0,0,0,0,0,0,BUF,K.C,OK
BUFDB4,2,0,0,0,0,0,0,0,0,0,0,0,0,0,0,0,0,0,0,0,0,0,0,0,0,0,0,0,0,BUF,K.C,OK
BUFK,2,0,0,0,0,0,0,0,0,0,0,0,0,0,0,0,0,0,0,0,0,0,0,3,3,0,0,0,0,BUF,K.C,OK
BUFP,2,0,0,0,0,0,0,0,0,0,0,0,0,0,0,0,0,0,0,0,0,0,0,0,0,0,0,2,81,BUF,K.C,OK