CARQB1,3,15,10,4,1,271,0,0,0,0,0,0,0,0,0,0,0,0,0,0,0,0,0,0,0,0,0,0,0,CAR,NYG,OK
CARQB2,3,0,0,0,0,0,0,0,0,0,0,0,0,0,0,0,0,0,0,0,0,0,0,0,0,0,0,0,0,CAR,NYG,OK
CARRB1,3,0,0,0,0,0,1,40,0,0,0,0,0,0,0,8,52,0,0,0,0,0,0,0,0,0,0,0,0,CAR,NYG,OK
CARRB2,3,0,0,0,0,0,1,16,1,4,99,0,0,0,0,1,11,0,0,0,0,0,0,0,0,0,0,0,0,CAR,NYG,OK
CARRB3,3,0,0,0,0,0,0,0,0,0,0,0,0,0,0,0,0,0,0,0,0,0,0,0,0,0,0,0,0,CAR,NYG,OK
CARRB4,3,0,0,0,0,0,0,0,0,0,0,0,0,0,0,0,0,0,0,0,0,0,0,0,0,0,0,0,0,CAR,NYG,OK
CARWR1,3,0,0,0,0,0,5,163,2,0,0,0,0,0,0,0,0,0,0,0,0,0,0,0,0,0,0,0,0,CAR,NYG,OK
CARWR2,3,0,0,0,0,0,3,52,1,0,0,0,0,0,0,0,0,0,0,0,0,0,0,0,0,0,0,0,0,CAR,NYG,OK
CARWR3,3,0,0,0,0,0,0,0,0,0,0,0,0,0,0,0,0,0,0,0,0,0,0,0,0,0,0,0,0,CAR,NYG,OK
CARWR4,3,0,0,0,0,0,0,0,0,0,0,0,0,0,0,0,0,0,0,0,0,0,0,0,0,0,0,0,0,CAR,NYG,OK
CARTE1,3,0,0,0,0,0,0,0,0,0,0,0,0,0,0,0,0,0,0,0,0,0,0,0,0,0,0,0,0,CAR,NYG,OK
CARTE2,3,0,0,0,0,0,0,0,0,0,0,0,0,0,0,0,0,0,0,0,0,0,0,0,0,0,0,0,0,CAR,NYG,OK
CARDL1,3,0,0,0,0,0,0,0,0,0,0,0,0,0,0,0,0,0,0,1,0,0,0,0,0,0,0,0,0,CAR,NYG,OK
CARDL2,3,0,0,0,0,0,0,0,0,0,0,0,0,0,0,0,0,0,0,0,0,0,0,0,0,0,0,0,0,CAR,NYG,OK
CARDL3,3,0,0,0,0,0,0,0,0,0,0,0,0,0,0,0,0,0,0,0,0,0,0,0,0,0,0,0,0,CAR,NYG,OK
CARLB1,3,0,0,0,0,0,0,0,0,0,0,0,0,0,0,0,0,0,0,0,0,0,0,0,0,0,0,0,0,CAR,NYG,OK
CARLB2,3,0,0,0,0,0,0,0,0,0,0,0,0,0,0,0,0,0,0,0,0,0,0,0,0,0,0,0,0,CAR,NYG,OK
CARLB3,3,0,0,0,0,0,0,0,0,0,0,0,0,0,0,0,0,0,0,0,0,0,0,0,0,0,0,0,0,CAR,NYG,OK
CARLB4,3,0,0,0,0,0,0,0,0,0,0,0,0,0,0,0,0,0,0,0,0,0,0,0,0,0,0,0,0,CAR,NYG,OK
CARDB1,3,0,0,0,0,0,0,0,0,0,0,0,0,0,0,0,0,0,0,0,0,0,0,0,0,0,0,0,0,CAR,NYG,OK
CARDB2,3,0,0,0,0,0,0,0,0,0,0,0,0,0,0,0,0,0,0,0,1,8,0,0,0,0,0,0,0,CAR,NYG,OK
CARDB3,3,0,0,0,0,0,0,0,0,0,0,0,0,0,0,0,0,0,0,0,1,0,0,0,0,0,0,0,0,CAR,NYG,OK
CARDB4,3,0,0,0,0,0,0,0,0,0,0,0,0,0,0,0,0,0,0,0,0,0,0,0,0,0,0,0,0,CAR,NYG,OK
CARK,3,0,0,0,0,0,0,0,0,0,0,0,0,0,0,0,0,0,0,0,0,0,0,4,2,0,0,0,0,CAR,NYG,OK
CARP,3,0,0,0,0,0,0,0,0,0,0,0,0,0,0,0,0,0,0,0,0,0,0,0,0,0,0,0,0,CAR,NYG,OK
NYGQB1,3,9,5,2,2,79,0,0,0,0,0,0,0,0,0,0,0,0,0,0,0,0,0,0,0,0,0,0,0,NYG,CAR,OK
NYGQB2,3,0,0,0,0,0,0,0,0,0,0,0,0,0,0,0,0,0,0,0,0,0,0,0,0,0,0,0,0,NYG,CAR,OK
NYGRB1,3,0,0,0,0,0,0,0,0,0,0,0,0,0,0,16,183,1,0,0,0,0,0,0,0,0,0,0,0,NYG,CAR,INJURED
NYGRB2,3,0,0,0,0,0,0,0,0,0,0,0,0,0,0,0,0,0,0,0,0,0,0,0,0,0,0,0,0,NYG,CAR,OK
NYGRB3,3,0,0,0,0,0,0,0,0,0,0,0,0,0,0,1,24,0,0,0,0,0,0,0,0,0,0,0,0,NYG,CAR,OK
NYGRB4,3,0,0,0,0,0,0,0,0,5,115,0,0,0,0,0,0,0,0,0,0,0,0,0,0,0,0,0,0,NYG,CAR,OK
NYGWR1,3,0,0,0,0,0,3,35,0,0,0,0,0,0,0,0,0,0,0,0,0,0,0,0,0,0,0,0,0,NYG,CAR,OK
NYGWR2,3,0,0,0,0,0,1,27,1,0,0,0,0,0,0,0,0,0,0,0,0,0,0,0,0,0,0,0,0,NYG,CAR,OK
NYGWR3,3,0,0,0,0,0,0,0,0,0,0,0,0,0,0,0,0,0,0,0,0,0,0,0,0,0,0,0,0,NYG,CAR,OK
NYGWR4,3,0,0,0,0,0,0,0,0,0,0,0,0,0,0,0,0,0,0,0,0,0,0,0,0,0,0,0,0,NYG,CAR,OK
NYGTE1,3,0,0,0,0,0,1,17,1,0,0,0,0,0,0,0,0,0,0,0,0,0,0,0,0,0,0,0,0,NYG,CAR,OK
NYGTE2,3,0,0,0,0,0,0,0,0,0,0,0,0,0,0,0,0,0,0,0,0,0,0,0,0,0,0,0,0,NYG,CAR,OK
NYGDL1,3,0,0,0,0,0,0,0,0,0,0,0,0,0,0,0,0,0,0,0,0,0,0,0,0,0,0,0,0,NYG,CAR,OK
NYGDL2,3,0,0,0,0,0,0,0,0,0,0,0,0,0,0,0,0,0,0,0,0,0,0,0,0,0,0,0,0,NYG,CAR,OK
NYGDL3,3,0,0,0,0,0,0,0,0,0,0,0,0,0,0,0,0,0,0,1,0,0,0,0,0,0,0,0,0,NYG,CAR,OK
NYGLB1,3,0,0,0,0,0,0,0,0,0,0,0,0,0,0,0,0,0,0,0,1,6,0,0,0,0,0,0,0,NYG,CAR,OK
NYGLB2,3,0,0,0,0,0,0,0,0,0,0,0,0,0,0,0,0,0,0,0,0,0,0,0,0,0,0,0,0,NYG,CAR,OK
NYGLB3,3,0,0,0,0,0,0,0,0,0,0,0,0,0,0,0,0,0,0,0,0,0,0,0,0,0,0,0,0,NYG,CAR,OK
NYGLB4,3,0,0,0,0,0,0,0,0,0,0,0,0,0,0,0,0,0,0,0,0,0,0,0,0,0,0,0,0,NYG,CAR,OK
NYGDB1,3,0,0,0,0,0,0,0,0,0,0,0,0,0,0,0,0,0,0,0,0,0,0,0,0,0,0,0,0,NYG,CAR,OK
NYGDB2,3,0,0,0,0,0,0,0,0,0,0,0,0,0,0,0,0,0,0,1,0,0,0,0,0,0,0,0,0,NYG,CAR,OK
NYGDB3,3,0,0,0,0,0,0,0,0,0,0,0,0,0,0,0,0,0,0,0,0,0,0,0,0,0,0,0,0,NYG,CAR,OK
NYGDB4,3,0,0,0,0,0,0,0,0,0,0,0,0,0,0,0,0,0,0,0,0,0,0,0,0,0,0,0,0,NYG,CAR,OK
NYGK,3,0,0,0,0,0,0,0,0,0,0,0,0,0,0,0,0,0,0,0,0,0,0,3,3,1,1,0,0,NYG,CAR,OK
NYGP,3,0,0,0,0,0,0,0,0,0,0,0,0,0,0,0,0,0,0,0,0,0,0,0,0,0,0,0,0,NYG,CAR,OK