G.BQB1,3,16,10,1,3,301,0,0,0,0,0,0,0,0,0,0,0,0,0,0,0,0,0,0,0,0,0,0,0,G.B,N.O,OK
G.BQB2,3,0,0,0,0,0,0,0,0,0,0,0,0,0,0,0,0,0,0,0,0,0,0,0,0,0,0,0,0,G.B,N.O,OK
G.BRB1,3,0,0,0,0,0,1,19,0,0,0,0,0,0,0,3,6,1,0,0,0,0,0,0,0,0,0,0,0,G.B,N.O,OK
G.BRB2,3,0,0,0,0,0,1,54,0,0,0,0,0,0,0,9,95,1,0,0,0,0,0,0,0,0,0,0,0,G.B,N.O,OK
G.BRB3,3,0,0,0,0,0,0,0,0,0,0,0,0,0,0,0,0,0,0,0,0,0,0,0,0,0,0,0,0,G.B,N.O,OK
G.BRB4,3,0,0,0,0,0,0,0,0,0,0,0,0,0,0,0,0,0,0,0,0,0,0,0,0,0,0,0,0,G.B,N.O,OK
G.BWR1,3,0,0,0,0,0,4,146,0,0,0,0,0,0,0,0,0,0,0,0,0,0,0,0,0,0,0,0,0,G.B,N.O,OK
G.BWR2,3,0,0,0,0,0,4,82,1,0,0,0,0,0,0,0,0,0,0,0,0,0,0,0,0,0,0,0,0,G.B,N.O,OK
G.BWR3,3,0,0,0,0,0,0,0,0,0,0,0,0,0,0,0,0,0,0,0,0,0,0,0,0,0,0,0,0,G.B,N.O,OK
G.BWR4,3,0,0,0,0,0,0,0,0,5,32,0,0,0,0,0,0,0,0,0,0,0,0,0,0,0,0,0,0,G.B,N.O,OK
G.BTE1,3,0,0,0,0,0,0,0,0,0,0,0,0,0,0,0,0,0,0,0,0,0,0,0,0,0,0,0,0,G.B,N.O,OK
G.BTE2,3,0,0,0,0,0,0,0,0,0,0,0,0,0,0,0,0,0,0,0,0,0,0,0,0,0,0,0,0,G.B,N.O,OK
G.BDL1,3,0,0,0,0,0,0,0,0,0,0,0,0,0,0,0,0,0,0,0,0,0,0,0,0,0,0,0,0,G.B,N.O,OK
G.BDL2,3,0,0,0,0,0,0,0,0,0,0,0,0,0,0,0,0,0,0,0,0,0,0,0,0,0,0,0,0,G.B,N.O,OK
G.BDL3,3,0,0,0,0,0,0,0,0,0,0,0,0,0,0,0,0,0,0,1,0,0,0,0,0,0,0,0,0,G.B,N.O,OK
G.BLB1,3,0,0,0,0,0,0,0,0,0,0,0,0,0,0,0,0,0,0,1,0,0,0,0,0,0,0,0,0,G.B,N.O,OK
G.BLB2,3,0,0,0,0,0,0,0,0,0,0,0,0,0,0,0,0,0,0,0,1,12,0,0,0,0,0,0,0,G.B,N.O,OK
G.BLB3,3,0,0,0,0,0,0,0,0,0,0,0,0,0,0,0,0,0,0,0,0,0,0,0,0,0,0,0,0,G.B,N.O,OK
G.BLB4,3,0,0,0,0,0,0,0,0,0,0,0,0,0,0,0,0,0,0,1,0,0,0,0,0,0,0,0,0,G.B,N.O,OK
G.BDB1,3,0,0,0,0,0,0,0,0,0,0,0,0,0,0,0,0,0,0,0,0,0,0,0,0,0,0,0,0,G.B,N.O,OK
G.BDB2,3,0,0,0,0,0,0,0,0,0,0,0,0,0,0,0,0,0,0,0,0,0,0,0,0,0,0,0,0,G.B,N.O,OK
G.BDB3,3,0,0,0,0,0,0,0,0,0,0,0,0,0,0,0,0,0,0,0,0,0,0,0,0,0,0,0,0,G.B,N.O,OK
G.BDB4,3,0,0,0,0,0,0,0,0,0,0,0,0,0,0,0,0,0,0,0,1,0,0,0,0,0,0,0,0,G.B,N.O,OK
G.BK,3,0,0,0,0,0,0,0,0,0,0,0,0,0,0,0,0,0,0,0,0,0,0,3,3,0,0,0,0,G.B,N.O,OK
G.BP,3,0,0,0,0,0,0,0,0,0,0,0,0,0,0,0,0,0,0,0,0,0,0,0,0,0,0,0,0,G.B,N.O,OK
N.OQB1,3,12,6,1,2,154,0,0,0,0,0,0,0,0,0,0,0,0,0,0,0,0,0,0,0,0,0,0,0,N.O,G.B,OK
N.OQB2,3,0,0,0,0,0,0,0,0,0,0,0,0,0,0,0,0,0,0,0,0,0,0,0,0,0,0,0,0,N.O,G.B,OK
N.ORB1,3,0,0,0,0,0,1,33,0,0,0,0,0,0,0,14,91,1,0,0,0,0,0,0,0,0,0,0,0,N.O,G.B,OK
N.ORB2,3,0,0,0,0,0,1,13,1,0,0,0,0,0,0,1,-2,0,0,0,0,0,0,0,0,0,0,0,0,N.O,G.B,OK
N.ORB3,3,0,0,0,0,0,0,0,0,4,81,0,0,0,0,0,0,0,0,0,0,0,0,0,0,0,0,0,0,N.O,G.B,OK
N.ORB4,3,0,0,0,0,0,0,0,0,0,0,0,0,0,0,0,0,0,0,0,0,0,0,0,0,0,0,0,0,N.O,G.B,OK
N.OWR1,3,0,0,0,0,0,1,52,0,0,0,0,0,0,0,0,0,0,0,0,0,0,0,0,0,0,0,0,0,N.O,G.B,OK
N.OWR2,3,0,0,0,0,0,3,56,0,0,0,0,0,0,0,0,0,0,0,0,0,0,0,0,0,0,0,0,0,N.O,G.B,OK
N.OWR3,3,0,0,0,0,0,0,0,0,0,0,0,0,0,0,0,0,0,0,0,0,0,0,0,0,0,0,0,0,N.O,G.B,OK
N.OWR4,3,0,0,0,0,0,0,0,0,0,0,0,0,0,0,0,0,0,0,0,0,0,0,0,0,0,0,0,0,N.O,G.B,OK
N.OTE1,3,0,0,0,0,0,0,0,0,0,0,0,0,0,0,0,0,0,0,0,0,0,0,0,0,0,0,0,0,N.O,G.B,OK
N.OTE2,3,0,0,0,0,0,0,0,0,0,0,0,0,0,0,0,0,0,0,0,0,0,0,0,0,0,0,0,0,N.O,G.B,OK
N.ODL1,3,0,0,0,0,0,0,0,0,0,0,0,0,0,0,0,0,0,0,0,0,0,0,0,0,0,0,0,0,N.O,G.B,OK
N.ODL2,3,0,0,0,0,0,0,0,0,0,0,0,0,0,0,0,0,0,0,0,0,0,0,0,0,0,0,0,0,N.O,G.B,OK
N.ODL3,3,0,0,0,0,0,0,0,0,0,0,0,0,0,0,0,0,0,0,0,0,0,0,0,0,0,0,0,0,N.O,G.B,OK
N.OLB1,3,0,0,0,0,0,0,0,0,0,0,0,0,0,0,0,0,0,0,0,0,0,0,0,0,0,0,0,0,N.O,G.B,OK
N.OLB2,3,0,0,0,0,0,0,0,0,0,0,0,0,0,0,0,0,0,0,1,0,0,0,0,0,0,0,0,0,N.O,G.B,OK
N.OLB3,3,0,0,0,0,0,0,0,0,0,0,0,0,0,0,0,0,0,0,0,2,104,1,0,0,0,0,0,0,N.O,G.B,OK
N.OLB4,3,0,0,0,0,0,0,0,0,0,0,0,0,0,0,0,0,0,0,1,0,0,0,0,0,0,0,0,0,N.O,G.B,OK
N.ODB1,3,0,0,0,0,0,0,0,0,0,0,0,0,0,0,0,0,0,0,0,0,0,0,0,0,0,0,0,0,N.O,G.B,OK
N.ODB2,3,0,0,0,0,0,0,0,0,0,0,0,0,0,0,0,0,0,0,0,1,6,0,0,0,0,0,0,0,N.O,G.B,OK
N.ODB3,3,0,0,0,0,0,0,0,0,0,0,0,0,0,0,0,0,0,0,0,0,0,0,0,0,0,0,0,0,N.O,G.B,OK
N.ODB4,3,0,0,0,0,0,0,0,0,0,0,0,0,0,0,0,0,0,0,0,0,0,0,0,0,0,0,0,0,N.O,G.B,OK
N.OK,3,0,0,0,0,0,0,0,0,0,0,0,0,0,0,0,0,0,0,0,0,0,0,3,3,1,1,0,0,N.O,G.B,OK
N.OP,3,0,0,0,0,0,0,0,0,0,0,0,0,0,0,0,0,0,0,0,0,0,0,0,0,0,0,0,0,N.O,G.B,OK