WASQB1,4,9,8,2,0,186,0,0,0,0,0,0,0,0,0,1,19,0,0,0,0,0,0,0,0,0,0,0,0,WAS,NYG,OK
WASQB2,4,0,0,0,0,0,0,0,0,0,0,0,0,0,0,0,0,0,0,0,0,0,0,0,0,0,0,0,0,WAS,NYG,OK
WASRB1,4,0,0,0,0,0,1,4,0,0,0,0,0,0,0,8,50,1,0,0,0,0,0,0,0,0,0,0,0,WAS,NYG,OK
WASRB2,4,0,0,0,0,0,2,60,0,0,0,0,0,0,0,4,27,0,0,0,0,0,0,0,0,0,0,0,0,WAS,NYG,OK
WASRB3,4,0,0,0,0,0,0,0,0,0,0,0,0,0,0,0,0,0,0,0,0,0,0,0,0,0,0,0,0,WAS,NYG,OK
WASRB4,4,0,0,0,0,0,0,0,0,0,0,0,0,0,0,0,0,0,0,0,0,0,0,0,0,0,0,0,0,WAS,NYG,OK
WASWR1,4,0,0,0,0,0,3,65,1,0,0,0,0,0,0,0,0,0,0,0,0,0,0,0,0,0,0,0,0,WAS,NYG,OK
WASWR2,4,0,0,0,0,0,1,31,0,0,0,0,0,0,0,0,0,0,0,0,0,0,0,0,0,0,0,0,0,WAS,NYG,OK
WASWR3,4,0,0,0,0,0,0,0,0,0,0,0,0,0,0,0,0,0,0,0,0,0,0,0,0,0,0,0,0,WAS,NYG,OK
WASWR4,4,0,0,0,0,0,0,0,0,6,173,0,0,0,0,0,0,0,0,0,0,0,0,0,0,0,0,0,0,WAS,NYG,OK
WASTE1,4,0,0,0,0,0,1,26,1,0,0,0,0,0,0,0,0,0,0,0,0,0,0,0,0,0,0,0,0,WAS,NYG,OK
WASTE2,4,0,0,0,0,0,0,0,0,0,0,0,0,0,0,0,0,0,0,0,0,0,0,0,0,0,0,0,0,WAS,NYG,OK
WASDL1,4,0,0,0,0,0,0,0,0,0,0,0,0,0,0,0,0,0,0,1,0,0,0,0,0,0,0,0,0,WAS,NYG,OK
WASDL2,4,0,0,0,0,0,0,0,0,0,0,0,0,0,0,0,0,0,0,0,0,0,0,0,0,0,0,0,0,WAS,NYG,OK
WASDL3,4,0,0,0,0,0,0,0,0,0,0,0,0,0,0,0,0,0,0,0,0,0,0,0,0,0,0,0,0,WAS,NYG,OK
WASLB1,4,0,0,0,0,0,0,0,0,0,0,0,0,0,0,0,0,0,0,0,0,0,0,0,0,0,0,0,0,WAS,NYG,OK
WASLB2,4,0,0,0,0,0,0,0,0,0,0,0,0,0,0,0,0,0,0,1,0,0,0,0,0,0,0,0,0,WAS,NYG,OK
WASLB3,4,0,0,0,0,0,0,0,0,0,0,0,0,0,0,0,0,0,0,0,0,0,0,0,0,0,0,0,0,WAS,NYG,OK
WASLB4,4,0,0,0,0,0,0,0,0,0,0,0,0,0,0,0,0,0,0,0,0,0,0,0,0,0,0,0,0,WAS,NYG,OK
WASDB1,4,0,0,0,0,0,0,0,0,0,0,0,0,0,0,0,0,0,0,0,0,0,0,0,0,0,0,0,0,WAS,NYG,OK
WASDB2,4,0,0,0,0,0,0,0,0,0,0,0,0,0,0,0,0,0,0,0,0,0,0,0,0,0,0,0,0,WAS,NYG,OK
WASDB3,4,0,0,0,0,0,0,0,0,0,0,0,0,0,0,0,0,0,0,0,0,0,0,0,0,0,0,0,0,WAS,NYG,OK
WASDB4,4,0,0,0,0,0,0,0,0,0,0,0,0,0,0,0,0,0,0,0,0,0,0,0,0,0,0,0,0,WAS,NYG,OK
WASK,4,0,0,0,0,0,0,0,0,0,0,0,0,0,0,0,0,0,0,0,0,0,0,3,3,2,1,0,0,WAS,NYG,OK
WASP,4,0,0,0,0,0,0,0,0,0,0,0,0,0,0,0,0,0,0,0,0,0,0,0,0,0,0,0,0,WAS,NYG,OK
NYGQB1,4,16,13,4,0,285,0,0,0,0,0,0,0,0,0,0,0,0,0,0,0,0,0,0,0,0,0,0,0,NYG,WAS,OK
NYGQB2,4,0,0,0,0,0,0,0,0,0,0,0,0,0,0,0,0,0,0,0,0,0,0,0,0,0,0,0,0,NYG,WAS,OK
NYGRB1,4,0,0,0,0,0,1,13,0,0,0,0,0,0,0,7,73,0,0,0,0,0,0,0,0,0,0,0,0,NYG,WAS,OK
NYGRB2,4,0,0,0,0,0,1,14,0,0,0,0,0,0,0,3,15,0,0,0,0,0,0,0,0,0,0,0,0,NYG,WAS,OK
NYGRB3,4,0,0,0,0,0,0,0,0,0,0,0,0,0,0,0,0,0,0,0,0,0,0,0,0,0,0,0,0,NYG,WAS,OK
NYGRB4,4,0,0,0,0,0,0,0,0,5,101,0,0,0,0,0,0,0,0,0,0,0,0,0,0,0,0,0,0,NYG,WAS,OK
NYGWR1,4,0,0,0,0,0,4,79,1,0,0,0,0,0,0,0,0,0,0,0,0,0,0,0,0,0,0,0,0,NYG,WAS,OK
NYGWR2,4,0,0,0,0,0,5,122,2,0,0,0,0,0,0,0,0,0,0,0,0,0,0,0,0,0,0,0,0,NYG,WAS,OK
NYGWR3,4,0,0,0,0,0,0,0,0,0,0,0,0,0,0,0,0,0,0,0,0,0,0,0,0,0,0,0,0,NYG,WAS,OK
NYGWR4,4,0,0,0,0,0,0,0,0,0,0,0,0,0,0,0,0,0,0,0,0,0,0,0,0,0,0,0,0,NYG,WAS,OK
NYGTE1,4,0,0,0,0,0,2,57,1,0,0,0,0,0,0,0,0,0,0,0,0,0,0,0,0,0,0,0,0,NYG,WAS,OK
NYGTE2,4,0,0,0,0,0,0,0,0,0,0,0,0,0,0,0,0,0,0,0,0,0,0,0,0,0,0,0,0,NYG,WAS,OK
NYGDL1,4,0,0,0,0,0,0,0,0,0,0,0,0,0,0,0,0,0,0,0,0,0,0,0,0,0,0,0,0,NYG,WAS,OK
NYGDL2,4,0,0,0,0,0,0,0,0,0,0,0,0,0,0,0,0,0,0,0,0,0,0,0,0,0,0,0,0,NYG,WAS,OK
NYGDL3,4,0,0,0,0,0,0,0,0,0,0,0,0,0,0,0,0,0,0,1,0,0,0,0,0,0,0,0,0,NYG,WAS,OK
NYGLB1,4,0,0,0,0,0,0,0,0,0,0,0,0,0,0,0,0,0,0,1,0,0,0,0,0,0,0,0,0,NYG,WAS,OK
NYGLB2,4,0,0,0,0,0,0,0,0,0,0,0,0,0,0,0,0,0,0,0,0,0,0,0,0,0,0,0,0,NYG,WAS,OK
NYGLB3,4,0,0,0,0,0,0,0,0,0,0,0,0,0,0,0,0,0,0,0,0,0,0,0,0,0,0,0,0,NYG,WAS,OK
NYGLB4,4,0,0,0,0,0,0,0,0,0,0,0,0,0,0,0,0,0,0,1,0,0,0,0,0,0,0,0,0,NYG,WAS,OK
NYGDB1,4,0,0,0,0,0,0,0,0,0,0,0,0,0,0,0,0,0,0,0,0,0,0,0,0,0,0,0,0,NYG,WAS,OK
NYGDB2,4,0,0,0,0,0,0,0,0,0,0,0,0,0,0,0,0,0,0,0,0,0,0,0,0,0,0,0,0,NYG,WAS,OK
NYGDB3,4,0,0,0,0,0,0,0,0,0,0,0,0,0,0,0,0,0,0,0,0,0,0,0,0,0,0,0,0,NYG,WAS,OK
NYGDB4,4,0,0,0,0,0,0,0,0,0,0,0,0,0,0,0,0,0,0,0,0,0,0,0,0,0,0,0,0,NYG,WAS,OK
NYGK,4,0,0,0,0,0,0,0,0,0,0,0,0,0,0,0,0,0,0,0,0,0,0,4,4,1,1,0,0,NYG,WAS,OK
NYGP,4,0,0,0,0,0,0,0,0,0,0,0,0,0,0,0,0,0,0,0,0,0,0,0,0,0,0,0,0,NYG,WAS,OK