JACQB1,5,18,10,2,1,236,0,0,0,0,0,0,0,0,0,1,19,0,0,0,0,0,0,0,0,0,0,0,0,JAC,TEN,OK
JACQB2,5,0,0,0,0,0,0,0,0,0,0,0,0,0,0,0,0,0,0,0,0,0,0,0,0,0,0,0,0,JAC,TEN,OK
JACRB1,5,0,0,0,0,0,2,25,1,0,0,0,0,0,0,9,94,1,0,0,0,0,0,0,0,0,0,0,0,JAC,TEN,OK
JACRB2,5,0,0,0,0,0,1,14,0,0,0,0,0,0,0,0,0,0,0,0,0,0,0,0,0,0,0,0,0,JAC,TEN,OK
JACRB3,5,0,0,0,0,0,0,0,0,0,0,0,0,0,0,0,0,0,0,0,0,0,0,0,0,0,0,0,0,JAC,TEN,OK
JACRB4,5,0,0,0,0,0,0,0,0,0,0,0,0,0,0,0,0,0,0,0,0,0,0,0,0,0,0,0,0,JAC,TEN,OK
JACWR1,5,0,0,0,0,0,1,41,0,0,0,0,0,0,0,0,0,0,0,0,0,0,0,0,0,0,0,0,0,JAC,TEN,OK
JACWR2,5,0,0,0,0,0,6,156,1,0,0,0,2,13,0,0,0,0,0,0,0,0,0,0,0,0,0,0,0,JAC,TEN,OK
JACWR3,5,0,0,0,0,0,0,0,0,0,0,0,0,0,0,0,0,0,0,0,0,0,0,0,0,0,0,0,0,JAC,TEN,OK
JACWR4,5,0,0,0,0,0,0,0,0,3,63,0,0,0,0,0,0,0,0,0,0,0,0,0,0,0,0,0,0,JAC,TEN,OK
JACTE1,5,0,0,0,0,0,0,0,0,0,0,0,0,0,0,0,0,0,0,0,0,0,0,0,0,0,0,0,0,JAC,TEN,OK
JACTE2,5,0,0,0,0,0,0,0,0,0,0,0,0,0,0,0,0,0,0,0,0,0,0,0,0,0,0,0,0,JAC,TEN,OK
JACDL1,5,0,0,0,0,0,0,0,0,0,0,0,0,0,0,0,0,0,0,1,0,0,0,0,0,0,0,0,0,JAC,TEN,OK
JACDL2,5,0,0,0,0,0,0,0,0,0,0,0,0,0,0,0,0,0,0,0,0,0,0,0,0,0,0,0,0,JAC,TEN,OK
JACDL3,5,0,0,0,0,0,0,0,0,0,0,0,0,0,0,0,0,0,0,1,0,0,0,0,0,0,0,0,0,JAC,TEN,OK
JACLB1,5,0,0,0,0,0,0,0,0,0,0,0,0,0,0,0,0,0,0,0,0,0,0,0,0,0,0,0,0,JAC,TEN,OK
JACLB2,5,0,0,0,0,0,0,0,0,0,0,0,0,0,0,0,0,0,0,1,0,0,0,0,0,0,0,0,0,JAC,TEN,OK
JACLB3,5,0,0,0,0,0,0,0,0,0,0,0,0,0,0,0,0,0,0,0,0,0,0,0,0,0,0,0,0,JAC,TEN,OK
JACLB4,5,0,0,0,0,0,0,0,0,0,0,0,0,0,0,0,0,0,0,0,0,0,0,0,0,0,0,0,0,JAC,TEN,OK
JACDB1,5,0,0,0,0,0,0,0,0,0,0,0,0,0,0,0,0,0,0,0,0,0,0,0,0,0,0,0,0,JAC,TEN,OK
JACDB2,5,0,0,0,0,0,0,0,0,0,0,0,0,0,0,0,0,0,0,0,0,0,0,0,0,0,0,0,0,JAC,TEN,OK
JACDB3,5,0,0,0,0,0,0,0,0,0,0,0,0,0,0,0,0,0,0,0,0,0,0,0,0,0,0,0,0,JAC,TEN,OK
JACDB4,5,0,0,0,0,0,0,0,0,0,0,0,0,0,0,0,0,0,0,0,1,7,0,0,0,0,0,0,0,JAC,TEN,OK
JACK,5,0,0,0,0,0,0,0,0,0,0,0,0,0,0,0,0,0,0,0,0,0,0,3,3,2,2,0,0,JAC,TEN,OK
JACP,5,0,0,0,0,0,0,0,0,0,0,0,0,0,0,0,0,0,0,0,0,0,0,0,0,0,0,0,0,JAC,TEN,OK
TENQB1,5,13,6,0,1,143,0,0,0,0,0,0,0,0,0,0,0,0,0,0,0,0,0,0,0,0,0,0,0,TEN,JAC,OK
TENQB2,5,0,0,0,0,0,0,0,0,0,0,0,0,0,0,0,0,0,0,0,0,0,0,0,0,0,0,0,0,TEN,JAC,OK
TENRB1,5,0,0,0,0,0,1,35,0,0,0,0,0,0,0,13,74,1,0,0,0,0,0,0,0,0,0,0,0,TEN,JAC,OK
TENRB2,5,0,0,0,0,0,1,8,0,0,0,0,0,0,0,0,0,0,0,0,0,0,0,0,0,0,0,0,0,TEN,JAC,OK
TENRB3,5,0,0,0,0,0,0,0,0,0,0,0,0,0,0,0,0,0,0,0,0,0,0,0,0,0,0,0,0,TEN,JAC,OK
TENRB4,5,0,0,0,0,0,0,0,0,6,88,0,0,0,0,0,0,0,0,0,0,0,0,0,0,0,0,0,0,TEN,JAC,OK
TENWR1,5,0,0,0,0,0,3,67,0,0,0,0,0,0,0,0,0,0,0,0,0,0,0,0,0,0,0,0,0,TEN,JAC,OK
TENWR2,5,0,0,0,0,0,1,33,0,0,0,0,0,0,0,0,0,0,0,0,0,0,0,0,0,0,0,0,0,TEN,JAC,OK
TENWR3,5,0,0,0,0,0,0,0,0,0,0,0,0,0,0,0,0,0,0,0,0,0,0,0,0,0,0,0,0,TEN,JAC,OK
TENWR4,5,0,0,0,0,0,0,0,0,0,0,0,0,0,0,0,0,0,0,0,0,0,0,0,0,0,0,0,0,TEN,JAC,OK
TENTE1,5,0,0,0,0,0,0,0,0,0,0,0,0,0,0,0,0,0,0,0,0,0,0,0,0,0,0,0,0,TEN,JAC,OK
TENTE2,5,0,0,0,0,0,0,0,0,0,0,0,0,0,0,0,0,0,0,0,0,0,0,0,0,0,0,0,0,TEN,JAC,OK
TENDL1,5,0,0,0,0,0,0,0,0,0,0,0,0,0,0,0,0,0,0,0,0,0,0,0,0,0,0,0,0,TEN,JAC,OK
TENDL2,5,0,0,0,0,0,0,0,0,0,0,0,0,0,0,0,0,0,0,0,0,0,0,0,0,0,0,0,0,TEN,JAC,OK
TENDL3,5,0,0,0,0,0,0,0,0,0,0,0,0,0,0,0,0,0,0,2,0,0,0,0,0,0,0,0,0,TEN,JAC,OK
TENLB1,5,0,0,0,0,0,0,0,0,0,0,0,0,0,0,0,0,0,0,0,0,0,0,0,0,0,0,0,0,TEN,JAC,OK
TENLB2,5,0,0,0,0,0,0,0,0,0,0,0,0,0,0,0,0,0,0,0,0,0,0,0,0,0,0,0,0,TEN,JAC,OK
TENLB3,5,0,0,0,0,0,0,0,0,0,0,0,0,0,0,0,0,0,0,2,0,0,0,0,0,0,0,0,0,TEN,JAC,OK
TENLB4,5,0,0,0,0,0,0,0,0,0,0,0,0,0,0,0,0,0,0,1,0,0,0,0,0,0,0,0,0,TEN,JAC,OK
TENDB1,5,0,0,0,0,0,0,0,0,0,0,0,0,0,0,0,0,0,0,0,0,0,0,0,0,0,0,0,0,TEN,JAC,OK
TENDB2,5,0,0,0,0,0,0,0,0,0,0,0,0,0,0,0,0,0,0,0,1,0,0,0,0,0,0,0,0,TEN,JAC,OK
TENDB3,5,0,0,0,0,0,0,0,0,0,0,0,0,0,0,0,0,0,0,0,0,0,0,0,0,0,0,0,0,TEN,JAC,OK
TENDB4,5,0,0,0,0,0,0,0,0,0,0,0,0,0,0,0,0,0,0,0,0,0,0,0,0,0,0,0,0,TEN,JAC,OK
TENK,5,0,0,0,0,0,0,0,0,0,0,0,0,0,0,0,0,0,0,0,0,0,0,1,1,1,1,0,0,TEN,JAC,OK
TENP,5,0,0,0,0,0,0,0,0,0,0,0,0,0,0,0,0,0,0,0,0,0,0,0,0,0,0,2,103,TEN,JAC,OK