MINQB1,5,13,8,2,1,211,0,0,0,0,0,0,0,0,0,0,0,0,0,0,0,0,0,0,0,0,0,0,0,MIN,N.O,OK
MINQB2,5,0,0,0,0,0,0,0,0,0,0,0,0,0,0,0,0,0,0,0,0,0,0,0,0,0,0,0,0,MIN,N.O,OK
MINRB1,5,0,0,0,0,0,3,53,1,0,0,0,0,0,0,7,75,1,0,0,0,0,0,0,0,0,0,0,0,MIN,N.O,OK
MINRB2,5,0,0,0,0,0,0,0,0,0,0,0,0,0,0,3,26,0,0,0,0,0,0,0,0,0,0,0,0,MIN,N.O,OK
MINRB3,5,0,0,0,0,0,0,0,0,0,0,0,0,0,0,0,0,0,0,0,0,0,0,0,0,0,0,0,0,MIN,N.O,OK
MINRB4,5,0,0,0,0,0,0,0,0,0,0,0,0,0,0,0,0,0,0,0,0,0,0,0,0,0,0,0,0,MIN,N.O,OK
MINWR1,5,0,0,0,0,0,3,90,1,4,32,0,0,0,0,0,0,0,0,0,0,0,0,0,0,0,0,0,0,MIN,N.O,OK
MINWR2,5,0,0,0,0,0,0,0,0,0,0,0,0,0,0,0,0,0,0,0,0,0,0,0,0,0,0,0,0,MIN,N.O,OK
MINWR3,5,0,0,0,0,0,0,0,0,0,0,0,0,0,0,0,0,0,0,0,0,0,0,0,0,0,0,0,0,MIN,N.O,OK
MINWR4,5,0,0,0,0,0,0,0,0,0,0,0,1,9,0,0,0,0,0,0,0,0,0,0,0,0,0,0,0,MIN,N.O,OK
MINTE1,5,0,0,0,0,0,2,68,0,0,0,0,0,0,0,0,0,0,0,0,0,0,0,0,0,0,0,0,0,MIN,N.O,OK
MINTE2,5,0,0,0,0,0,0,0,0,0,0,0,0,0,0,0,0,0,0,0,0,0,0,0,0,0,0,0,0,MIN,N.O,OK
MINDL1,5,0,0,0,0,0,0,0,0,0,0,0,0,0,0,0,0,0,0,2,0,0,0,0,0,0,0,0,0,MIN,N.O,OK
MINDL2,5,0,0,0,0,0,0,0,0,0,0,0,0,0,0,0,0,0,0,0,0,0,0,0,0,0,0,0,0,MIN,N.O,OK
MINDL3,5,0,0,0,0,0,0,0,0,0,0,0,0,0,0,0,0,0,0,0,0,0,0,0,0,0,0,0,0,MIN,N.O,OK
MINLB1,5,0,0,0,0,0,0,0,0,0,0,0,0,0,0,0,0,0,0,0,1,4,0,0,0,0,0,0,0,MIN,N.O,OK
MINLB2,5,0,0,0,0,0,0,0,0,0,0,0,0,0,0,0,0,0,0,1,0,0,0,0,0,0,0,0,0,MIN,N.O,OK
MINLB3,5,0,0,0,0,0,0,0,0,0,0,0,0,0,0,0,0,0,0,0,0,0,0,0,0,0,0,0,0,MIN,N.O,OK
MINLB4,5,0,0,0,0,0,0,0,0,0,0,0,0,0,0,0,0,0,0,0,0,0,0,0,0,0,0,0,0,MIN,N.O,OK
MINDB1,5,0,0,0,0,0,0,0,0,0,0,0,0,0,0,0,0,0,0,0,0,0,0,0,0,0,0,0,0,MIN,N.O,OK
MINDB2,5,0,0,0,0,0,0,0,0,0,0,0,0,0,0,0,0,0,0,0,0,0,0,0,0,0,0,0,0,MIN,N.O,OK
MINDB3,5,0,0,0,0,0,0,0,0,0,0,0,0,0,0,0,0,0,0,0,0,0,0,0,0,0,0,0,0,MIN,N.O,OK
MINDB4,5,0,0,0,0,0,0,0,0,0,0,0,0,0,0,0,0,0,0,0,0,0,0,0,0,0,0,0,0,MIN,N.O,OK
MINK,5,0,0,0,0,0,0,0,0,0,0,0,0,0,0,0,0,0,0,0,0,0,0,3,3,2,0,0,0,MIN,N.O,OK
MINP,5,0,0,0,0,0,0,0,0,0,0,0,0,0,0,0,0,0,0,0,0,0,0,0,0,0,0,1,43,MIN,N.O,OK
N.OQB1,5,16,9,3,1,204,0,0,0,0,0,0,0,0,0,3,4,0,0,0,0,0,0,0,0,0,0,0,0,N.O,MIN,OK
N.OQB2,5,0,0,0,0,0,0,0,0,0,0,0,0,0,0,0,0,0,0,0,0,0,0,0,0,0,0,0,0,N.O,MIN,OK
N.ORB1,5,0,0,0,0,0,2,51,1,0,0,0,0,0,0,14,109,0,0,0,0,0,0,0,0,0,0,0,0,N.O,MIN,OK
N.ORB2,5,0,0,0,0,0,0,0,0,0,0,0,1,7,0,0,0,0,0,0,0,0,0,0,0,0,0,0,0,N.O,MIN,OK
N.ORB3,5,0,0,0,0,0,0,0,0,5,65,0,0,0,0,0,0,0,0,0,0,0,0,0,0,0,0,0,0,N.O,MIN,OK
N.ORB4,5,0,0,0,0,0,0,0,0,0,0,0,0,0,0,0,0,0,0,0,0,0,0,0,0,0,0,0,0,N.O,MIN,OK
N.OWR1,5,0,0,0,0,0,0,0,0,0,0,0,0,0,0,0,0,0,0,0,0,0,0,0,0,0,0,0,0,N.O,MIN,OK
N.OWR2,5,0,0,0,0,0,4,76,2,0,0,0,0,0,0,0,0,0,0,0,0,0,0,0,0,0,0,0,0,N.O,MIN,OK
N.OWR3,5,0,0,0,0,0,0,0,0,0,0,0,0,0,0,0,0,0,0,0,0,0,0,0,0,0,0,0,0,N.O,MIN,OK
N.OWR4,5,0,0,0,0,0,0,0,0,0,0,0,0,0,0,0,0,0,0,0,0,0,0,0,0,0,0,0,0,N.O,MIN,OK
N.OTE1,5,0,0,0,0,0,3,77,0,0,0,0,0,0,0,0,0,0,0,0,0,0,0,0,0,0,0,0,0,N.O,MIN,OK
N.OTE2,5,0,0,0,0,0,0,0,0,0,0,0,0,0,0,0,0,0,0,0,0,0,0,0,0,0,0,0,0,N.O,MIN,OK
N.ODL1,5,0,0,0,0,0,0,0,0,0,0,0,0,0,0,0,0,0,0,1,0,0,0,0,0,0,0,0,0,N.O,MIN,OK
N.ODL2,5,0,0,0,0,0,0,0,0,0,0,0,0,0,0,0,0,0,0,0,0,0,0,0,0,0,0,0,0,N.O,MIN,OK
N.ODL3,5,0,0,0,0,0,0,0,0,0,0,0,0,0,0,0,0,0,0,2,0,0,0,0,0,0,0,0,0,N.O,MIN,OK
N.OLB1,5,0,0,0,0,0,0,0,0,0,0,0,0,0,0,0,0,0,0,0,0,0,0,0,0,0,0,0,0,N.O,MIN,OK
N.OLB2,5,0,0,0,0,0,0,0,0,0,0,0,0,0,0,0,0,0,0,0,0,0,0,0,0,0,0,0,0,N.O,MIN,OK
N.OLB3,5,0,0,0,0,0,0,0,0,0,0,0,0,0,0,0,0,0,0,0,0,0,0,0,0,0,0,0,0,N.O,MIN,OK
N.OLB4,5,0,0,0,0,0,0,0,0,0,0,0,0,0,0,0,0,0,0,0,0,0,0,0,0,0,0,0,0,N.O,MIN,OK
N.ODB1,5,0,0,0,0,0,0,0,0,0,0,0,0,0,0,0,0,0,0,0,0,0,0,0,0,0,0,0,0,N.O,MIN,OK
N.ODB2,5,0,0,0,0,0,0,0,0,0,0,0,0,0,0,0,0,0,0,0,0,0,0,0,0,0,0,0,0,N.O,MIN,OK
N.ODB3,5,0,0,0,0,0,0,0,0,0,0,0,0,0,0,0,0,0,0,0,1,9,0,0,0,0,0,0,0,N.O,MIN,OK
N.ODB4,5,0,0,0,0,0,0,0,0,0,0,0,0,0,0,0,0,0,0,0,0,0,0,0,0,0,0,0,0,N.O,MIN,OK
N.OK,5,0,0,0,0,0,0,0,0,0,0,0,0,0,0,0,0,0,0,0,0,0,0,3,3,3,1,0,0,N.O,MIN,OK
N.OP,5,0,0,0,0,0,0,0,0,0,0,0,0,0,0,0,0,0,0,0,0,0,0,0,0,0,0,1,49,N.O,MIN,OK