CLEQB1,6,15,8,0,3,186,0,0,0,0,0,0,0,0,0,0,0,0,0,0,0,0,0,0,0,0,0,0,0,CLE,CIN,OK
CLEQB2,6,0,0,0,0,0,0,0,0,0,0,0,0,0,0,0,0,0,0,0,0,0,0,0,0,0,0,0,0,CLE,CIN,OK
CLERB1,6,0,0,0,0,0,3,101,0,0,0,0,0,0,0,6,39,0,0,0,0,0,0,0,0,0,0,0,0,CLE,CIN,OK
CLERB2,6,0,0,0,0,0,3,49,0,0,0,0,0,0,0,8,76,3,0,0,0,0,0,0,0,0,0,0,0,CLE,CIN,OK
CLERB3,6,0,0,0,0,0,0,0,0,0,0,0,0,0,0,0,0,0,0,0,0,0,0,0,0,0,0,0,0,CLE,CIN,OK
CLERB4,6,0,0,0,0,0,0,0,0,0,0,0,0,0,0,0,0,0,0,0,0,0,0,0,0,0,0,0,0,CLE,CIN,OK
CLEWR1,6,0,0,0,0,0,0,0,0,0,0,0,0,0,0,0,0,0,0,0,0,0,0,0,0,0,0,0,0,CLE,CIN,OK
CLEWR2,6,0,0,0,0,0,2,36,0,0,0,0,0,0,0,0,0,0,0,0,0,0,0,0,0,0,0,0,0,CLE,CIN,OK
CLEWR3,6,0,0,0,0,0,0,0,0,0,0,0,0,0,0,0,0,0,0,0,0,0,0,0,0,0,0,0,0,CLE,CIN,OK
CLEWR4,6,0,0,0,0,0,0,0,0,5,52,0,1,4,0,0,0,0,0,0,0,0,0,0,0,0,0,0,0,CLE,CIN,OK
CLETE1,6,0,0,0,0,0,0,0,0,0,0,0,0,0,0,0,0,0,0,0,0,0,0,0,0,0,0,0,0,CLE,CIN,OK
CLETE2,6,0,0,0,0,0,0,0,0,0,0,0,0,0,0,0,0,0,0,0,0,0,0,0,0,0,0,0,0,CLE,CIN,OK
CLEDL1,6,0,0,0,0,0,0,0,0,0,0,0,0,0,0,0,0,0,0,0,0,0,0,0,0,0,0,0,0,CLE,CIN,OK
CLEDL2,6,0,0,0,0,0,0,0,0,0,0,0,0,0,0,0,0,0,0,0,0,0,0,0,0,0,0,0,0,CLE,CIN,OK
CLEDL3,6,0,0,0,0,0,0,0,0,0,0,0,0,0,0,0,0,0,0,0,0,0,0,0,0,0,0,0,0,CLE,CIN,OK
CLELB1,6,0,0,0,0,0,0,0,0,0,0,0,0,0,0,0,0,0,0,0,0,0,0,0,0,0,0,0,0,CLE,CIN,OK
CLELB2,6,0,0,0,0,0,0,0,0,0,0,0,0,0,0,0,0,0,0,0,0,0,0,0,0,0,0,0,0,CLE,CIN,OK
CLELB3,6,0,0,0,0,0,0,0,0,0,0,0,0,0,0,0,0,0,0,0,0,0,0,0,0,0,0,0,0,CLE,CIN,OK
CLELB4,6,0,0,0,0,0,0,0,0,0,0,0,0,0,0,0,0,0,0,0,0,0,0,0,0,0,0,0,0,CLE,CIN,OK
CLEDB1,6,0,0,0,0,0,0,0,0,0,0,0,0,0,0,0,0,0,0,0,0,0,0,0,0,0,0,0,0,CLE,CIN,OK
CLEDB2,6,0,0,0,0,0,0,0,0,0,0,0,0,0,0,0,0,0,0,0,0,0,0,0,0,0,0,0,0,CLE,CIN,OK
CLEDB3,6,0,0,0,0,0,0,0,0,0,0,0,0,0,0,0,0,0,0,0,0,0,0,0,0,0,0,0,0,CLE,CIN,OK
CLEDB4,6,0,0,0,0,0,0,0,0,0,0,0,0,0,0,0,0,0,0,0,2,21,0,0,0,0,0,0,0,CLE,CIN,OK
CLEK,6,0,0,0,0,0,0,0,0,0,0,0,0,0,0,0,0,0,0,0,0,0,0,3,2,0,0,0,0,CLE,CIN,OK
CLEP,6,0,0,0,0,0,0,0,0,0,0,0,0,0,0,0,0,0,0,0,0,0,0,0,0,0,0,1,55,CLE,CIN,OK
CINQB1,6,13,8,2,2,235,0,0,0,0,0,0,0,0,0,1,5,0,0,0,0,0,0,0,0,0,0,0,0,CIN,CLE,OK
CINQB2,6,0,0,0,0,0,0,0,0,0,0,0,0,0,0,0,0,0,0,0,0,0,0,0,0,0,0,0,0,CIN,CLE,OK
CINRB1,6,0,0,0,0,0,1,0,0,0,0,0,0,0,0,10,32,1,0,0,0,0,0,0,0,0,0,0,0,CIN,CLE,OK
CINRB2,6,0,0,0,0,0,0,0,0,0,0,0,0,0,0,0,0,0,0,0,0,0,0,0,0,0,0,0,0,CIN,CLE,OK
CINRB3,6,0,0,0,0,0,0,0,0,4,74,0,0,0,0,0,0,0,0,0,0,0,0,0,0,0,0,0,0,CIN,CLE,OK
CINRB4,6,0,0,0,0,0,0,0,0,0,0,0,0,0,0,0,0,0,0,0,0,0,0,0,0,0,0,0,0,CIN,CLE,OK
CINWR1,6,0,0,0,0,0,4,125,1,0,0,0,0,0,0,0,0,0,0,0,0,0,0,0,0,0,0,0,0,CIN,CLE,OK
CINWR2,6,0,0,0,0,0,3,110,1,0,0,0,0,0,0,0,0,0,0,0,0,0,0,0,0,0,0,0,0,CIN,CLE,OK
CINWR3,6,0,0,0,0,0,0,0,0,0,0,0,0,0,0,0,0,0,0,0,0,0,0,0,0,0,0,0,0,CIN,CLE,OK
CINWR4,6,0,0,0,0,0,0,0,0,0,0,0,1,17,0,0,0,0,0,0,0,0,0,0,0,0,0,0,0,CIN,CLE,OK
CINTE1,6,0,0,0,0,0,0,0,0,0,0,0,0,0,0,0,0,0,0,0,0,0,0,0,0,0,0,0,0,CIN,CLE,OK
CINTE2,6,0,0,0,0,0,0,0,0,0,0,0,0,0,0,0,0,0,0,0,0,0,0,0,0,0,0,0,0,CIN,CLE,OK
CINDL1,6,0,0,0,0,0,0,0,0,0,0,0,0,0,0,0,0,0,0,0,0,0,0,0,0,0,0,0,0,CIN,CLE,OK
CINDL2,6,0,0,0,0,0,0,0,0,0,0,0,0,0,0,0,0,0,0,0,0,0,0,0,0,0,0,0,0,CIN,CLE,OK
CINDL3,6,0,0,0,0,0,0,0,0,0,0,0,0,0,0,0,0,0,0,1,0,0,0,0,0,0,0,0,0,CIN,CLE,OK
CINLB1,6,0,0,0,0,0,0,0,0,0,0,0,0,0,0,0,0,0,0,1,0,0,0,0,0,0,0,0,0,CIN,CLE,OK
CINLB2,6,0,0,0,0,0,0,0,0,0,0,0,0,0,0,0,0,0,0,1,0,0,0,0,0,0,0,0,0,CIN,CLE,OK
CINLB3,6,0,0,0,0,0,0,0,0,0,0,0,0,0,0,0,0,0,0,2,0,0,0,0,0,0,0,0,0,CIN,CLE,OK
CINLB4,6,0,0,0,0,0,0,0,0,0,0,0,0,0,0,0,0,0,0,0,0,0,0,0,0,0,0,0,0,CIN,CLE,OK
CINDB1,6,0,0,0,0,0,0,0,0,0,0,0,0,0,0,0,0,0,0,0,0,0,0,0,0,0,0,0,0,CIN,CLE,OK
CINDB2,6,0,0,0,0,0,0,0,0,0,0,0,0,0,0,0,0,0,0,0,2,24,0,0,0,0,0,0,0,CIN,CLE,OK
CINDB3,6,0,0,0,0,0,0,0,0,0,0,0,0,0,0,0,0,0,0,0,0,0,0,0,0,0,0,0,0,CIN,CLE,OK
CINDB4,6,0,0,0,0,0,0,0,0,0,0,0,0,0,0,0,0,0,0,0,1,7,0,0,0,0,0,0,0,CIN,CLE,OK
CINK,6,0,0,0,0,0,0,0,0,0,0,0,0,0,0,0,0,0,0,0,0,0,0,3,3,1,1,0,0,CIN,CLE,OK
CINP,6,0,0,0,0,0,0,0,0,0,0,0,0,0,0,0,0,0,0,0,0,0,0,0,0,0,0,1,39,CIN,CLE,OK