OAKQB1,6,9,6,1,2,166,0,0,0,0,0,0,0,0,0,0,0,0,0,0,0,0,0,0,0,0,0,0,0,OAK,TEN,OK
OAKQB2,6,0,0,0,0,0,0,0,0,0,0,0,0,0,0,0,0,0,0,0,0,0,0,0,0,0,0,0,0,OAK,TEN,OK
OAKRB1,6,0,0,0,0,0,1,15,0,0,0,0,0,0,0,7,57,1,0,0,0,0,0,0,0,0,0,0,0,OAK,TEN,OK
OAKRB2,6,0,0,0,0,0,1,23,0,0,0,0,0,0,0,6,42,1,0,0,0,0,0,0,0,0,0,0,0,OAK,TEN,OK
OAKRB3,6,0,0,0,0,0,0,0,0,0,0,0,0,0,0,0,0,0,0,0,0,0,0,0,0,0,0,0,0,OAK,TEN,OK
OAKRB4,6,0,0,0,0,0,0,0,0,0,0,0,0,0,0,0,0,0,0,0,0,0,0,0,0,0,0,0,0,OAK,TEN,OK
OAKWR1,6,0,0,0,0,0,2,62,1,0,0,0,0,0,0,0,0,0,0,0,0,0,0,0,0,0,0,0,0,OAK,TEN,OK
OAKWR2,6,0,0,0,0,0,0,0,0,0,0,0,0,0,0,0,0,0,0,0,0,0,0,0,0,0,0,0,0,OAK,TEN,OK
OAKWR3,6,0,0,0,0,0,0,0,0,5,132,0,0,0,0,0,0,0,0,0,0,0,0,0,0,0,0,0,0,OAK,TEN,OK
OAKWR4,6,0,0,0,0,0,0,0,0,0,0,0,0,0,0,0,0,0,0,0,0,0,0,0,0,0,0,0,0,OAK,TEN,OK
OAKTE1,6,0,0,0,0,0,2,66,0,0,0,0,0,0,0,0,0,0,0,0,0,0,0,0,0,0,0,0,0,OAK,TEN,OK
OAKTE2,6,0,0,0,0,0,0,0,0,0,0,0,0,0,0,0,0,0,0,0,0,0,0,0,0,0,0,0,0,OAK,TEN,OK
OAKDL1,6,0,0,0,0,0,0,0,0,0,0,0,0,0,0,0,0,0,0,1,0,0,0,0,0,0,0,0,0,OAK,TEN,OK
OAKDL2,6,0,0,0,0,0,0,0,0,0,0,0,0,0,0,0,0,0,0,0,0,0,0,0,0,0,0,0,0,OAK,TEN,OK
OAKDL3,6,0,0,0,0,0,0,0,0,0,0,0,0,0,0,0,0,0,0,0,1,30,1,0,0,0,0,0,0,OAK,TEN,OK
OAKLB1,6,0,0,0,0,0,0,0,0,0,0,0,0,0,0,0,0,0,0,0,0,0,0,0,0,0,0,0,0,OAK,TEN,OK
OAKLB2,6,0,0,0,0,0,0,0,0,0,0,0,0,0,0,0,0,0,0,1,0,0,0,0,0,0,0,0,0,OAK,TEN,OK
OAKLB3,6,0,0,0,0,0,0,0,0,0,0,0,0,0,0,0,0,0,0,0,0,0,0,0,0,0,0,0,0,OAK,TEN,OK
OAKLB4,6,0,0,0,0,0,0,0,0,0,0,0,0,0,0,0,0,0,0,0,0,0,0,0,0,0,0,0,0,OAK,TEN,OK
OAKDB1,6,0,0,0,0,0,0,0,0,0,0,0,0,0,0,0,0,0,0,0,0,0,0,0,0,0,0,0,0,OAK,TEN,OK
OAKDB2,6,0,0,0,0,0,0,0,0,0,0,0,0,0,0,0,0,0,0,0,0,0,0,0,0,0,0,0,0,OAK,TEN,OK
OAKDB3,6,0,0,0,0,0,0,0,0,0,0,0,0,0,0,0,0,0,0,0,0,0,0,0,0,0,0,0,0,OAK,TEN,OK
OAKDB4,6,0,0,0,0,0,0,0,0,0,0,0,0,0,0,0,0,0,0,0,0,0,0,0,0,0,0,0,0,OAK,TEN,OK
OAKK,6,0,0,0,0,0,0,0,0,0,0,0,0,0,0,0,0,0,0,0,0,0,0,4,4,0,0,0,0,OAK,TEN,OK
OAKP,6,0,0,0,0,0,0,0,0,0,0,0,0,0,0,0,0,0,0,0,0,0,0,0,0,0,0,0,0,OAK,TEN,OK
TENQB1,6,17,12,2,1,286,0,0,0,0,0,0,0,0,0,0,0,0,0,0,0,0,0,0,0,0,0,0,0,TEN,OAK,OK
TENQB2,6,0,0,0,0,0,0,0,0,0,0,0,0,0,0,0,0,0,0,0,0,0,0,0,0,0,0,0,0,TEN,OAK,OK
TENRB1,6,0,0,0,0,0,0,0,0,0,0,0,0,0,0,10,85,1,0,0,0,0,0,0,0,0,0,0,0,TEN,OAK,OK
TENRB2,6,0,0,0,0,0,1,23,0,0,0,0,0,0,0,0,0,0,0,0,0,0,0,0,0,0,0,0,0,TEN,OAK,OK
TENRB3,6,0,0,0,0,0,0,0,0,0,0,0,0,0,0,0,0,0,0,0,0,0,0,0,0,0,0,0,0,TEN,OAK,OK
TENRB4,6,0,0,0,0,0,0,0,0,5,89,0,0,0,0,0,0,0,0,0,0,0,0,0,0,0,0,0,0,TEN,OAK,OK
TENWR1,6,0,0,0,0,0,4,84,1,0,0,0,0,0,0,0,0,0,0,0,0,0,0,0,0,0,0,0,0,TEN,OAK,OK
TENWR2,6,0,0,0,0,0,4,91,1,0,0,0,0,0,0,0,0,0,0,0,0,0,0,0,0,0,0,0,0,TEN,OAK,OK
TENWR3,6,0,0,0,0,0,0,0,0,0,0,0,0,0,0,0,0,0,0,0,0,0,0,0,0,0,0,0,0,TEN,OAK,OK
TENWR4,6,0,0,0,0,0,0,0,0,0,0,0,0,0,0,0,0,0,0,0,0,0,0,0,0,0,0,0,0,TEN,OAK,OK
TENTE1,6,0,0,0,0,0,3,88,0,0,0,0,0,0,0,0,0,0,0,0,0,0,0,0,0,0,0,0,0,TEN,OAK,OK
TENTE2,6,0,0,0,0,0,0,0,0,0,0,0,0,0,0,0,0,0,0,0,0,0,0,0,0,0,0,0,0,TEN,OAK,OK
TENDL1,6,0,0,0,0,0,0,0,0,0,0,0,0,0,0,0,0,0,0,0,0,0,0,0,0,0,0,0,0,TEN,OAK,OK
TENDL2,6,0,0,0,0,0,0,0,0,0,0,0,0,0,0,0,0,0,0,2,0,0,0,0,0,0,0,0,0,TEN,OAK,OK
TENDL3,6,0,0,0,0,0,0,0,0,0,0,0,0,0,0,0,0,0,0,0,0,0,0,0,0,0,0,0,0,TEN,OAK,OK
TENLB1,6,0,0,0,0,0,0,0,0,0,0,0,0,0,0,0,0,0,0,0,0,0,0,0,0,0,0,0,0,TEN,OAK,OK
TENLB2,6,0,0,0,0,0,0,0,0,0,0,0,0,0,0,0,0,0,0,0,0,0,0,0,0,0,0,0,0,TEN,OAK,OK
TENLB3,6,0,0,0,0,0,0,0,0,0,0,0,0,0,0,0,0,0,0,0,0,0,0,0,0,0,0,0,0,TEN,OAK,OK
TENLB4,6,0,0,0,0,0,0,0,0,0,0,0,0,0,0,0,0,0,0,0,0,0,0,0,0,0,0,0,0,TEN,OAK,OK
TENDB1,6,0,0,0,0,0,0,0,0,0,0,0,0,0,0,0,0,0,0,0,0,0,0,0,0,0,0,0,0,TEN,OAK,OK
TENDB2,6,0,0,0,0,0,0,0,0,0,0,0,0,0,0,0,0,0,0,0,2,9,0,0,0,0,0,0,0,TEN,OAK,OK
TENDB3,6,0,0,0,0,0,0,0,0,0,0,0,0,0,0,0,0,0,0,0,0,0,0,0,0,0,0,0,0,TEN,OAK,OK
TENDB4,6,0,0,0,0,0,0,0,0,0,0,0,0,0,0,0,0,0,0,0,0,0,0,0,0,0,0,0,0,TEN,OAK,OK
TENK,6,0,0,0,0,0,0,0,0,0,0,0,0,0,0,0,0,0,0,0,0,0,0,3,3,2,2,0,0,TEN,OAK,OK
TENP,6,0,0,0,0,0,0,0,0,0,0,0,0,0,0,0,0,0,0,0,0,0,0,0,0,0,0,0,0,TEN,OAK,OK