DENQB1,7,13,10,3,0,267,0,0,0,0,0,0,0,0,0,6,19,1,0,0,0,0,0,0,0,0,0,0,0,DEN,JAX,OK
DENQB2,7,0,0,0,0,0,0,0,0,0,0,0,0,0,0,0,0,0,0,0,0,0,0,0,0,0,0,0,0,DEN,JAX,OK
DENRB1,7,0,0,0,0,0,2,46,0,0,0,0,0,0,0,2,19,0,0,0,0,0,0,0,0,0,0,0,0,DEN,JAX,OK
DENRB2,7,0,0,0,0,0,1,40,0,0,0,0,0,0,0,6,54,0,0,0,0,0,0,0,0,0,0,0,0,DEN,JAX,OK
DENRB3,7,0,0,0,0,0,0,0,0,0,0,0,0,0,0,0,0,0,0,0,0,0,0,0,0,0,0,0,0,DEN,JAX,OK
DENRB4,7,0,0,0,0,0,0,0,0,0,0,0,0,0,0,0,0,0,0,0,0,0,0,0,0,0,0,0,0,DEN,JAX,OK
DENWR1,7,0,0,0,0,0,4,130,1,0,0,0,0,0,0,0,0,0,0,0,0,0,0,0,0,0,0,0,0,DEN,JAX,OK
DENWR2,7,0,0,0,0,0,3,51,2,5,102,0,0,0,0,0,0,0,0,0,0,0,0,0,0,0,0,0,0,DEN,JAX,OK
DENWR3,7,0,0,0,0,0,0,0,0,0,0,0,0,0,0,0,0,0,0,0,0,0,0,0,0,0,0,0,0,DEN,JAX,OK
DENWR4,7,0,0,0,0,0,0,0,0,0,0,0,0,0,0,0,0,0,0,0,0,0,0,0,0,0,0,0,0,DEN,JAX,OK
DENTE1,7,0,0,0,0,0,0,0,0,0,0,0,0,0,0,0,0,0,0,0,0,0,0,0,0,0,0,0,0,DEN,JAX,OK
DENTE2,7,0,0,0,0,0,0,0,0,0,0,0,0,0,0,0,0,0,0,0,0,0,0,0,0,0,0,0,0,DEN,JAX,OK
DENDL1,7,0,0,0,0,0,0,0,0,0,0,0,0,0,0,0,0,0,0,0,0,0,0,0,0,0,0,0,0,DEN,JAX,OK
DENDL2,7,0,0,0,0,0,0,0,0,0,0,0,0,0,0,0,0,0,0,0,0,0,0,0,0,0,0,0,0,DEN,JAX,OK
DENDL3,7,0,0,0,0,0,0,0,0,0,0,0,0,0,0,0,0,0,0,0,0,0,0,0,0,0,0,0,0,DEN,JAX,OK
DENLB1,7,0,0,0,0,0,0,0,0,0,0,0,0,0,0,0,0,0,0,0,0,0,0,0,0,0,0,0,0,DEN,JAX,OK
DENLB2,7,0,0,0,0,0,0,0,0,0,0,0,0,0,0,0,0,0,0,0,0,0,0,0,0,0,0,0,0,DEN,JAX,OK
DENLB3,7,0,0,0,0,0,0,0,0,0,0,0,0,0,0,0,0,0,0,0,1,10,0,0,0,0,0,0,0,DEN,JAX,OK
DENLB4,7,0,0,0,0,0,0,0,0,0,0,0,0,0,0,0,0,0,0,0,0,0,0,0,0,0,0,0,0,DEN,JAX,OK
DENDB1,7,0,0,0,0,0,0,0,0,0,0,0,0,0,0,0,0,0,0,0,1,9,0,0,0,0,0,0,0,DEN,JAX,OK
DENDB2,7,0,0,0,0,0,0,0,0,0,0,0,0,0,0,0,0,0,0,0,0,0,0,0,0,0,0,0,0,DEN,JAX,OK
DENDB3,7,0,0,0,0,0,0,0,0,0,0,0,0,0,0,0,0,0,0,0,0,0,0,0,0,0,0,0,0,DEN,JAX,OK
DENDB4,7,0,0,0,0,0,0,0,0,0,0,0,0,0,0,0,0,0,0,0,0,0,0,0,0,0,0,0,0,DEN,JAX,OK
DENK,7,0,0,0,0,0,0,0,0,0,0,0,0,0,0,0,0,0,0,0,0,0,0,4,2,2,2,0,0,DEN,JAX,OK
DENP,7,0,0,0,0,0,0,0,0,0,0,0,0,0,0,0,0,0,0,0,0,0,0,0,0,0,0,0,0,DEN,JAX,OK
JAXQB1,7,14,9,3,2,212,0,0,0,0,0,0,0,0,0,0,0,0,0,0,0,0,0,0,0,0,0,0,0,JAX,DEN,OK
JAXQB2,7,0,0,0,0,0,0,0,0,0,0,0,0,0,0,0,0,0,0,0,0,0,0,0,0,0,0,0,0,JAX,DEN,OK
JAXRB1,7,0,0,0,0,0,1,33,0,0,0,0,0,0,0,6,47,1,0,0,0,0,0,0,0,0,0,0,0,JAX,DEN,OK
JAXRB2,7,0,0,0,0,0,0,0,0,0,0,0,0,0,0,1,7,0,0,0,0,0,0,0,0,0,0,0,0,JAX,DEN,OK
JAXRB3,7,0,0,0,0,0,0,0,0,0,0,0,0,0,0,0,0,0,0,0,0,0,0,0,0,0,0,0,0,JAX,DEN,OK
JAXRB4,7,0,0,0,0,0,0,0,0,0,0,0,0,0,0,0,0,0,0,0,0,0,0,0,0,0,0,0,0,JAX,DEN,OK
JAXWR1,7,0,0,0,0,0,3,75,2,7,134,0,0,0,0,0,0,0,0,0,0,0,0,0,0,0,0,0,0,JAX,DEN,OK
JAXWR2,7,0,0,0,0,0,2,76,0,0,0,0,0,0,0,0,0,0,0,0,0,0,0,0,0,0,0,0,0,JAX,DEN,OK
JAXWR3,7,0,0,0,0,0,0,0,0,0,0,0,0,0,0,0,0,0,0,0,0,0,0,0,0,0,0,0,0,JAX,DEN,OK
JAXWR4,7,0,0,0,0,0,0,0,0,0,0,0,0,0,0,0,0,0,0,0,0,0,0,0,0,0,0,0,0,JAX,DEN,OK
JAXTE1,7,0,0,0,0,0,3,28,1,0,0,0,0,0,0,0,0,0,0,0,0,0,0,0,0,0,0,0,0,JAX,DEN,OK
JAXTE2,7,0,0,0,0,0,0,0,0,0,0,0,0,0,0,0,0,0,0,0,0,0,0,0,0,0,0,0,0,JAX,DEN,OK
JAXDL1,7,0,0,0,0,0,0,0,0,0,0,0,0,0,0,0,0,0,0,2,0,0,0,0,0,0,0,0,0,JAX,DEN,OK
JAXDL2,7,0,0,0,0,0,0,0,0,0,0,0,0,0,0,0,0,0,0,0,0,0,0,0,0,0,0,0,0,JAX,DEN,OK
JAXDL3,7,0,0,0,0,0,0,0,0,0,0,0,0,0,0,0,0,0,0,0,0,0,0,0,0,0,0,0,0,JAX,DEN,OK
JAXLB1,7,0,0,0,0,0,0,0,0,0,0,0,0,0,0,0,0,0,0,0,0,0,0,0,0,0,0,0,0,JAX,DEN,OK
JAXLB2,7,0,0,0,0,0,0,0,0,0,0,0,0,0,0,0,0,0,0,2,0,0,0,0,0,0,0,0,0,JAX,DEN,OK
JAXLB3,7,0,0,0,0,0,0,0,0,0,0,0,0,0,0,0,0,0,0,0,0,0,0,0,0,0,0,0,0,JAX,DEN,OK
JAXLB4,7,0,0,0,0,0,0,0,0,0,0,0,0,0,0,0,0,0,0,0,0,0,0,0,0,0,0,0,0,JAX,DEN,OK
JAXDB1,7,0,0,0,0,0,0,0,0,0,0,0,0,0,0,0,0,0,0,0,0,0,0,0,0,0,0,0,0,JAX,DEN,OK
JAXDB2,7,0,0,0,0,0,0,0,0,0,0,0,0,0,0,0,0,0,0,0,0,0,0,0,0,0,0,0,0,JAX,DEN,OK
JAXDB3,7,0,0,0,0,0,0,0,0,0,0,0,0,0,0,0,0,0,0,0,0,0,0,0,0,0,0,0,0,JAX,DEN,OK
JAXDB4,7,0,0,0,0,0,0,0,0,0,0,0,0,0,0,0,0,0,0,0,0,0,0,0,0,0,0,0,0,JAX,DEN,OK
JAXK,7,0,0,0,0,0,0,0,0,0,0,0,0,0,0,0,0,0,0,0,0,0,0,4,4,0,0,0,0,JAX,DEN,OK
JAXP,7,0,0,0,0,0,0,0,0,0,0,0,0,0,0,0,0,0,0,0,0,0,0,0,0,0,0,0,0,JAX,DEN,OK