DETQB1,8,21,15,6,1,304,0,0,0,0,0,0,0,0,0,2,18,0,0,0,0,0,0,0,0,0,0,0,0,DET,CHI,OK
DETQB2,8,0,0,0,0,0,0,0,0,0,0,0,0,0,0,0,0,0,0,0,0,0,0,0,0,0,0,0,0,DET,CHI,OK
DETRB1,8,0,0,0,0,0,1,40,1,0,0,0,0,0,0,8,45,0,0,0,0,0,0,0,0,0,0,0,0,DET,CHI,OK
DETRB2,8,0,0,0,0,0,2,27,1,0,0,0,0,0,0,0,0,0,0,0,0,0,0,0,0,0,0,0,0,DET,CHI,OK
DETRB3,8,0,0,0,0,0,0,0,0,0,0,0,0,0,0,0,0,0,0,0,0,0,0,0,0,0,0,0,0,DET,CHI,OK
DETRB4,8,0,0,0,0,0,0,0,0,0,0,0,0,0,0,0,0,0,0,0,0,0,0,0,0,0,0,0,0,DET,CHI,OK
DETWR1,8,0,0,0,0,0,4,113,2,0,0,0,0,0,0,0,0,0,0,0,0,0,0,0,0,0,0,0,0,DET,CHI,OK
DETWR2,8,0,0,0,0,0,8,124,2,0,0,0,0,0,0,0,0,0,0,0,0,0,0,0,0,0,0,0,0,DET,CHI,OK
DETWR3,8,0,0,0,0,0,0,0,0,0,0,0,0,0,0,0,0,0,0,0,0,0,0,0,0,0,0,0,0,DET,CHI,OK
DETWR4,8,0,0,0,0,0,0,0,0,2,74,0,0,0,0,0,0,0,0,0,0,0,0,0,0,0,0,0,0,DET,CHI,OK
DETTE1,8,0,0,0,0,0,0,0,0,0,0,0,0,0,0,0,0,0,0,0,0,0,0,0,0,0,0,0,0,DET,CHI,OK
DETTE2,8,0,0,0,0,0,0,0,0,0,0,0,0,0,0,0,0,0,0,0,0,0,0,0,0,0,0,0,0,DET,CHI,OK
DETDL1,8,0,0,0,0,0,0,0,0,0,0,0,0,0,0,0,0,0,0,1,0,0,0,0,0,0,0,0,0,DET,CHI,OK
DETDL2,8,0,0,0,0,0,0,0,0,0,0,0,0,0,0,0,0,0,0,0,1,0,0,0,0,0,0,0,0,DET,CHI,OK
DETDL3,8,0,0,0,0,0,0,0,0,0,0,0,0,0,0,0,0,0,0,0,0,0,0,0,0,0,0,0,0,DET,CHI,OK
DETLB1,8,0,0,0,0,0,0,0,0,0,0,0,0,0,0,0,0,0,0,0,0,0,0,0,0,0,0,0,0,DET,CHI,OK
DETLB2,8,0,0,0,0,0,0,0,0,0,0,0,0,0,0,0,0,0,0,0,0,0,0,0,0,0,0,0,0,DET,CHI,OK
DETLB3,8,0,0,0,0,0,0,0,0,0,0,0,0,0,0,0,0,0,0,0,0,0,0,0,0,0,0,0,0,DET,CHI,OK
DETLB4,8,0,0,0,0,0,0,0,0,0,0,0,0,0,0,0,0,0,0,0,1,12,0,0,0,0,0,0,0,DET,CHI,OK
DETDB1,8,0,0,0,0,0,0,0,0,0,0,0,0,0,0,0,0,0,0,0,0,0,0,0,0,0,0,0,0,DET,CHI,OK
DETDB2,8,0,0,0,0,0,0,0,0,0,0,0,0,0,0,0,0,0,0,0,1,4,0,0,0,0,0,0,0,DET,CHI,OK
DETDB3,8,0,0,0,0,0,0,0,0,0,0,0,0,0,0,0,0,0,0,0,1,10,0,0,0,0,0,0,0,DET,CHI,OK
DETDB4,8,0,0,0,0,0,0,0,0,0,0,0,0,0,0,0,0,0,0,0,1,7,0,0,0,0,0,0,0,DET,CHI,OK
DETK,8,0,0,0,0,0,0,0,0,0,0,0,0,0,0,0,0,0,0,0,0,0,0,6,6,0,0,0,0,DET,CHI,OK
DETP,8,0,0,0,0,0,0,0,0,0,0,0,0,0,0,0,0,0,0,0,0,0,0,0,0,0,0,1,47,DET,CHI,OK
CHIQB1,8,19,9,1,5,249,0,0,0,0,0,0,0,0,0,0,0,0,0,0,0,0,0,0,0,0,0,0,0,CHI,DET,OK
CHIQB2,8,0,0,0,0,0,0,0,0,0,0,0,0,0,0,0,0,0,0,0,0,0,0,0,0,0,0,0,0,CHI,DET,OK
CHIRB1,8,0,0,0,0,0,3,41,1,0,0,0,0,0,0,2,23,0,0,0,0,0,0,0,0,0,0,0,0,CHI,DET,INJURED
CHIRB2,8,0,0,0,0,0,3,117,0,0,0,0,0,0,0,6,54,1,0,0,0,0,0,0,0,0,0,0,0,CHI,DET,OK
CHIRB3,8,0,0,0,0,0,1,8,0,0,0,0,0,0,0,1,7,1,0,0,0,0,0,0,0,0,0,0,0,CHI,DET,OK
CHIRB4,8,0,0,0,0,0,0,0,0,0,0,0,0,0,0,0,0,0,0,0,0,0,0,0,0,0,0,0,0,CHI,DET,OK
CHIWR1,8,0,0,0,0,0,0,0,0,7,157,0,1,15,0,0,0,0,0,0,0,0,0,0,0,0,0,0,0,CHI,DET,OK
CHIWR2,8,0,0,0,0,0,2,83,0,0,0,0,0,0,0,0,0,0,0,0,0,0,0,0,0,0,0,0,0,CHI,DET,OK
CHIWR3,8,0,0,0,0,0,0,0,0,0,0,0,0,0,0,0,0,0,0,0,0,0,0,0,0,0,0,0,0,CHI,DET,OK
CHIWR4,8,0,0,0,0,0,0,0,0,0,0,0,0,0,0,0,0,0,0,0,0,0,0,0,0,0,0,0,0,CHI,DET,OK
CHITE1,8,0,0,0,0,0,0,0,0,0,0,0,0,0,0,0,0,0,0,0,0,0,0,0,0,0,0,0,0,CHI,DET,OK
CHITE2,8,0,0,0,0,0,0,0,0,0,0,0,0,0,0,0,0,0,0,0,0,0,0,0,0,0,0,0,0,CHI,DET,OK
CHIDL1,8,0,0,0,0,0,0,0,0,0,0,0,0,0,0,0,0,0,0,1,0,0,0,0,0,0,0,0,0,CHI,DET,OK
CHIDL2,8,0,0,0,0,0,0,0,0,0,0,0,0,0,0,0,0,0,0,0,0,0,0,0,0,0,0,0,0,CHI,DET,OK
CHIDL3,8,0,0,0,0,0,0,0,0,0,0,0,0,0,0,0,0,0,0,1,0,0,0,0,0,0,0,0,0,CHI,DET,OK
CHILB1,8,0,0,0,0,0,0,0,0,0,0,0,0,0,0,0,0,0,0,0,0,0,0,0,0,0,0,0,0,CHI,DET,OK
CHILB2,8,0,0,0,0,0,0,0,0,0,0,0,0,0,0,0,0,0,0,0,0,0,0,0,0,0,0,0,0,CHI,DET,OK
CHILB3,8,0,0,0,0,0,0,0,0,0,0,0,0,0,0,0,0,0,0,0,0,0,0,0,0,0,0,0,0,CHI,DET,OK
CHILB4,8,0,0,0,0,0,0,0,0,0,0,0,0,0,0,0,0,0,0,0,0,0,0,0,0,0,0,0,0,CHI,DET,OK
CHIDB1,8,0,0,0,0,0,0,0,0,0,0,0,0,0,0,0,0,0,0,0,0,0,0,0,0,0,0,0,0,CHI,DET,OK
CHIDB2,8,0,0,0,0,0,0,0,0,0,0,0,0,0,0,0,0,0,0,0,0,0,0,0,0,0,0,0,0,CHI,DET,OK
CHIDB3,8,0,0,0,0,0,0,0,0,0,0,0,0,0,0,0,0,0,0,1,0,0,0,0,0,0,0,0,0,CHI,DET,OK
CHIDB4,8,0,0,0,0,0,0,0,0,0,0,0,0,0,0,0,0,0,0,0,1,11,0,0,0,0,0,0,0,CHI,DET,OK
CHIK,8,0,0,0,0,0,0,0,0,0,0,0,0,0,0,0,0,0,0,0,0,0,0,3,3,1,1,0,0,CHI,DET,OK
CHIP,8,0,0,0,0,0,0,0,0,0,0,0,0,0,0,0,0,0,0,0,0,0,0,0,0,0,0,0,0,CHI,DET,OK