CINQB1,9,18,11,3,0,253,0,0,0,0,0,0,0,0,0,2,0,0,0,0,0,0,0,0,0,0,0,0,0,CIN,N.E,OK
CINQB2,9,0,0,0,0,0,0,0,0,0,0,0,0,0,0,0,0,0,0,0,0,0,0,0,0,0,0,0,0,CIN,N.E,OK
CINRB1,9,0,0,0,0,0,2,45,0,0,0,0,0,0,0,7,51,0,0,0,0,0,0,0,0,0,0,0,0,CIN,N.E,OK
CINRB2,9,0,0,0,0,0,0,0,0,0,0,0,0,0,0,0,0,0,0,0,0,0,0,0,0,0,0,0,0,CIN,N.E,OK
CINRB3,9,0,0,0,0,0,0,0,0,4,58,0,0,0,0,0,0,0,0,0,0,0,0,0,0,0,0,0,0,CIN,N.E,OK
CINRB4,9,0,0,0,0,0,0,0,0,0,0,0,0,0,0,0,0,0,0,0,0,0,0,0,0,0,0,0,0,CIN,N.E,OK
CINWR1,9,0,0,0,0,0,4,102,0,0,0,0,0,0,0,0,0,0,0,0,0,0,0,0,0,0,0,0,0,CIN,N.E,OK
CINWR2,9,0,0,0,0,0,4,94,2,0,0,0,0,0,0,0,0,0,0,0,0,0,0,0,0,0,0,0,0,CIN,N.E,OK
CINWR3,9,0,0,0,0,0,0,0,0,0,0,0,0,0,0,0,0,0,0,0,0,0,0,0,0,0,0,0,0,CIN,N.E,OK
CINWR4,9,0,0,0,0,0,0,0,0,0,0,0,2,37,0,0,0,0,0,0,0,0,0,0,0,0,0,0,0,CIN,N.E,OK
CINTE1,9,0,0,0,0,0,1,12,1,0,0,0,0,0,0,0,0,0,0,0,0,0,0,0,0,0,0,0,0,CIN,N.E,OK
CINTE2,9,0,0,0,0,0,0,0,0,0,0,0,0,0,0,0,0,0,0,0,0,0,0,0,0,0,0,0,0,CIN,N.E,OK
CINDL1,9,0,0,0,0,0,0,0,0,0,0,0,0,0,0,0,0,0,0,4,0,0,0,0,0,0,0,0,0,CIN,N.E,OK
CINDL2,9,0,0,0,0,0,0,0,0,0,0,0,0,0,0,0,0,0,0,0,0,0,0,0,0,0,0,0,0,CIN,N.E,OK
CINDL3,9,0,0,0,0,0,0,0,0,0,0,0,0,0,0,0,0,0,0,0,0,0,0,0,0,0,0,0,0,CIN,N.E,OK
CINLB1,9,0,0,0,0,0,0,0,0,0,0,0,0,0,0,0,0,0,0,0,0,0,0,0,0,0,0,0,0,CIN,N.E,OK
CINLB2,9,0,0,0,0,0,0,0,0,0,0,0,0,0,0,0,0,0,0,0,0,0,0,0,0,0,0,0,0,CIN,N.E,OK
CINLB3,9,0,0,0,0,0,0,0,0,0,0,0,0,0,0,0,0,0,0,0,0,0,0,0,0,0,0,0,0,CIN,N.E,OK
CINLB4,9,0,0,0,0,0,0,0,0,0,0,0,0,0,0,0,0,0,0,0,0,0,0,0,0,0,0,0,0,CIN,N.E,OK
CINDB1,9,0,0,0,0,0,0,0,0,0,0,0,0,0,0,0,0,0,0,0,1,6,0,0,0,0,0,0,0,CIN,N.E,OK
CINDB2,9,0,0,0,0,0,0,0,0,0,0,0,0,0,0,0,0,0,0,0,0,0,0,0,0,0,0,0,0,CIN,N.E,OK
CINDB3,9,0,0,0,0,0,0,0,0,0,0,0,0,0,0,0,0,0,0,0,0,0,0,0,0,0,0,0,0,CIN,N.E,OK
CINDB4,9,0,0,0,0,0,0,0,0,0,0,0,0,0,0,0,0,0,0,0,0,0,0,0,0,0,0,0,0,CIN,N.E,OK
CINK,9,0,0,0,0,0,0,0,0,0,0,0,0,0,0,0,0,0,0,0,0,0,0,3,3,1,1,0,0,CIN,N.E,OK
CINP,9,0,0,0,0,0,0,0,0,0,0,0,0,0,0,0,0,0,0,0,0,0,0,0,0,0,0,3,137,CIN,N.E,OK
N.EQB1,9,15,11,2,1,283,0,0,0,0,0,0,0,0,0,2,7,1,0,0,0,0,0,0,0,0,0,0,0,N.E,CIN,OK
N.EQB2,9,0,0,0,0,0,0,0,0,0,0,0,0,0,0,0,0,0,0,0,0,0,0,0,0,0,0,0,0,N.E,CIN,OK
N.ERB1,9,0,0,0,0,0,2,47,1,0,0,0,0,0,0,8,5,0,0,0,0,0,0,0,0,0,0,0,0,N.E,CIN,OK
N.ERB2,9,0,0,0,0,0,0,0,0,0,0,0,0,0,0,0,0,0,0,0,0,0,0,0,0,0,0,0,0,N.E,CIN,OK
N.ERB3,9,0,0,0,0,0,0,0,0,0,0,0,0,0,0,0,0,0,0,0,0,0,0,0,0,0,0,0,0,N.E,CIN,OK
N.ERB4,9,0,0,0,0,0,0,0,0,0,0,0,0,0,0,0,0,0,0,0,0,0,0,0,0,0,0,0,0,N.E,CIN,OK
N.EWR1,9,0,0,0,0,0,6,157,1,0,0,0,0,0,0,0,0,0,0,0,0,0,0,0,0,0,0,0,0,N.E,CIN,OK
N.EWR2,9,0,0,0,0,0,2,72,0,0,0,0,0,0,0,0,0,0,0,0,0,0,0,0,0,0,0,0,0,N.E,CIN,OK
N.EWR3,9,0,0,0,0,0,0,0,0,0,0,0,2,8,0,0,0,0,0,0,0,0,0,0,0,0,0,0,0,N.E,CIN,OK
N.EWR4,9,0,0,0,0,0,0,0,0,5,103,0,0,0,0,0,0,0,0,0,0,0,0,0,0,0,0,0,0,N.E,CIN,OK
N.ETE1,9,0,0,0,0,0,1,7,0,0,0,0,0,0,0,0,0,0,0,0,0,0,0,0,0,0,0,0,0,N.E,CIN,OK
N.ETE2,9,0,0,0,0,0,0,0,0,0,0,0,0,0,0,0,0,0,0,0,0,0,0,0,0,0,0,0,0,N.E,CIN,OK
N.EDL1,9,0,0,0,0,0,0,0,0,0,0,0,0,0,0,0,0,0,0,0,0,0,0,0,0,0,0,0,0,N.E,CIN,OK
N.EDL2,9,0,0,0,0,0,0,0,0,0,0,0,0,0,0,0,0,0,0,0,0,0,0,0,0,0,0,0,0,N.E,CIN,OK
N.EDL3,9,0,0,0,0,0,0,0,0,0,0,0,0,0,0,0,0,0,0,1,0,0,0,0,0,0,0,0,0,N.E,CIN,OK
N.ELB1,9,0,0,0,0,0,0,0,0,0,0,0,0,0,0,0,0,0,0,2,0,0,0,0,0,0,0,0,0,N.E,CIN,OK
N.ELB2,9,0,0,0,0,0,0,0,0,0,0,0,0,0,0,0,0,0,0,0,0,0,0,0,0,0,0,0,0,N.E,CIN,OK
N.ELB3,9,0,0,0,0,0,0,0,0,0,0,0,0,0,0,0,0,0,0,1,0,0,0,0,0,0,0,0,0,N.E,CIN,OK
N.ELB4,9,0,0,0,0,0,0,0,0,0,0,0,0,0,0,0,0,0,0,0,0,0,0,0,0,0,0,0,0,N.E,CIN,OK
N.EDB1,9,0,0,0,0,0,0,0,0,0,0,0,0,0,0,0,0,0,0,0,0,0,0,0,0,0,0,0,0,N.E,CIN,OK
N.EDB2,9,0,0,0,0,0,0,0,0,0,0,0,0,0,0,0,0,0,0,0,0,0,0,0,0,0,0,0,0,N.E,CIN,OK
N.EDB3,9,0,0,0,0,0,0,0,0,0,0,0,0,0,0,0,0,0,0,0,0,0,0,0,0,0,0,0,0,N.E,CIN,OK
N.EDB4,9,0,0,0,0,0,0,0,0,0,0,0,0,0,0,0,0,0,0,0,0,0,0,0,0,0,0,0,0,N.E,CIN,OK
N.EK,9,0,0,0,0,0,0,0,0,0,0,0,0,0,0,0,0,0,0,0,0,0,0,3,2,1,1,0,0,N.E,CIN,OK
N.EP,9,0,0,0,0,0,0,0,0,0,0,0,0,0,0,0,0,0,0,0,0,0,0,0,0,0,0,2,104,N.E,CIN,OK