T.BQB1,9,17,9,2,1,183,0,0,0,0,0,0,0,0,0,0,0,0,0,0,0,0,0,0,0,0,0,0,0,T.B,DET,OK
T.BQB2,9,0,0,0,0,0,0,0,0,0,0,0,0,0,0,0,0,0,0,0,0,0,0,0,0,0,0,0,0,T.B,DET,OK
T.BRB1,9,0,0,0,0,0,1,1,1,0,0,0,0,0,0,3,-4,0,0,0,0,0,0,0,0,0,0,0,0,T.B,DET,OK
T.BRB2,9,0,0,0,0,0,2,53,0,0,0,0,0,0,0,10,60,0,0,0,0,0,0,0,0,0,0,0,0,T.B,DET,OK
T.BRB3,9,0,0,0,0,0,0,0,0,0,0,0,0,0,0,0,0,0,0,0,0,0,0,0,0,0,0,0,0,T.B,DET,OK
T.BRB4,9,0,0,0,0,0,0,0,0,0,0,0,0,0,0,0,0,0,0,0,0,0,0,0,0,0,0,0,0,T.B,DET,OK
T.BWR1,9,0,0,0,0,0,1,15,0,0,0,0,0,0,0,0,0,0,0,0,0,0,0,0,0,0,0,0,0,T.B,DET,OK
T.BWR2,9,0,0,0,0,0,2,37,1,0,0,0,0,0,0,0,0,0,0,0,0,0,0,0,0,0,0,0,0,T.B,DET,OK
T.BWR3,9,0,0,0,0,0,0,0,0,0,0,0,0,0,0,0,0,0,0,0,0,0,0,0,0,0,0,0,0,T.B,DET,OK
T.BWR4,9,0,0,0,0,0,0,0,0,3,42,0,0,0,0,0,0,0,0,0,0,0,0,0,0,0,0,0,0,T.B,DET,OK
T.BTE1,9,0,0,0,0,0,3,77,0,0,0,0,0,0,0,0,0,0,0,0,0,0,0,0,0,0,0,0,0,T.B,DET,OK
T.BTE2,9,0,0,0,0,0,0,0,0,0,0,0,0,0,0,0,0,0,0,0,0,0,0,0,0,0,0,0,0,T.B,DET,OK
T.BDL1,9,0,0,0,0,0,0,0,0,0,0,0,0,0,0,0,0,0,0,0,0,0,0,0,0,0,0,0,0,T.B,DET,OK
T.BDL2,9,0,0,0,0,0,0,0,0,0,0,0,0,0,0,0,0,0,0,0,0,0,0,0,0,0,0,0,0,T.B,DET,OK
T.BDL3,9,0,0,0,0,0,0,0,0,0,0,0,0,0,0,0,0,0,0,0,0,0,0,0,0,0,0,0,0,T.B,DET,OK
T.BLB1,9,0,0,0,0,0,0,0,0,0,0,0,0,0,0,0,0,0,0,1,0,0,0,0,0,0,0,0,0,T.B,DET,OK
T.BLB2,9,0,0,0,0,0,0,0,0,0,0,0,0,0,0,0,0,0,0,2,1,0,0,0,0,0,0,0,0,T.B,DET,OK
T.BLB3,9,0,0,0,0,0,0,0,0,0,0,0,0,0,0,0,0,0,0,0,0,0,0,0,0,0,0,0,0,T.B,DET,OK
T.BLB4,9,0,0,0,0,0,0,0,0,0,0,0,0,0,0,0,0,0,0,0,0,0,0,0,0,0,0,0,0,T.B,DET,OK
T.BDB1,9,0,0,0,0,0,0,0,0,0,0,0,0,0,0,0,0,0,0,0,0,0,0,0,0,0,0,0,0,T.B,DET,OK
T.BDB2,9,0,0,0,0,0,0,0,0,0,0,0,0,0,0,0,0,0,0,0,2,14,0,0,0,0,0,0,0,T.B,DET,OK
T.BDB3,9,0,0,0,0,0,0,0,0,0,0,0,0,0,0,0,0,0,0,0,1,2,0,0,0,0,0,0,0,T.B,DET,OK
T.BDB4,9,0,0,0,0,0,0,0,0,0,0,0,0,0,0,0,0,0,0,0,0,0,0,0,0,0,0,0,0,T.B,DET,OK
T.BK,9,0,0,0,0,0,0,0,0,0,0,0,0,0,0,0,0,0,0,0,0,0,0,2,2,1,1,0,0,T.B,DET,OK
T.BP,9,0,0,0,0,0,0,0,0,0,0,0,0,0,0,0,0,0,0,0,0,0,0,0,0,0,0,3,157,T.B,DET,OK
DETQB1,9,21,12,2,4,279,0,0,0,0,0,0,0,0,0,0,0,0,0,0,0,0,0,0,0,0,0,0,0,DET,T.B,OK
DETQB2,9,0,0,0,0,0,0,0,0,0,0,0,0,0,0,0,0,0,0,0,0,0,0,0,0,0,0,0,0,DET,T.B,OK
DETRB1,9,0,0,0,0,0,0,0,0,0,0,0,0,0,0,8,39,0,0,0,0,0,0,0,0,0,0,0,0,DET,T.B,OK
DETRB2,9,0,0,0,0,0,1,28,1,0,0,0,0,0,0,0,0,0,0,0,0,0,0,0,0,0,0,0,0,DET,T.B,OK
DETRB3,9,0,0,0,0,0,0,0,0,3,51,0,0,0,0,0,0,0,0,0,0,0,0,0,0,0,0,0,0,DET,T.B,OK
DETRB4,9,0,0,0,0,0,0,0,0,1,2,0,0,0,0,0,0,0,0,0,0,0,0,0,0,0,0,0,0,DET,T.B,INJURED
DETWR1,9,0,0,0,0,0,3,92,0,0,0,0,0,0,0,0,0,0,0,0,0,0,0,0,0,0,0,0,0,DET,T.B,OK
DETWR2,9,0,0,0,0,0,5,88,0,0,0,0,0,0,0,0,0,0,0,0,0,0,0,0,0,0,0,0,0,DET,T.B,OK
DETWR3,9,0,0,0,0,0,0,0,0,0,0,0,0,0,0,0,0,0,0,0,0,0,0,0,0,0,0,0,0,DET,T.B,OK
DETWR4,9,0,0,0,0,0,0,0,0,0,0,0,0,0,0,0,0,0,0,0,0,0,0,0,0,0,0,0,0,DET,T.B,OK
DETTE1,9,0,0,0,0,0,3,71,1,0,0,0,0,0,0,0,0,0,0,0,0,0,0,0,0,0,0,0,0,DET,T.B,OK
DETTE2,9,0,0,0,0,0,0,0,0,0,0,0,2,19,0,0,0,0,0,0,0,0,0,0,0,0,0,0,0,DET,T.B,OK
DETDL1,9,0,0,0,0,0,0,0,0,0,0,0,0,0,0,0,0,0,0,0,0,0,0,0,0,0,0,0,0,DET,T.B,OK
DETDL2,9,0,0,0,0,0,0,0,0,0,0,0,0,0,0,0,0,0,0,1,0,0,0,0,0,0,0,0,0,DET,T.B,OK
DETDL3,9,0,0,0,0,0,0,0,0,0,0,0,0,0,0,0,0,0,0,0,0,0,0,0,0,0,0,0,0,DET,T.B,OK
DETLB1,9,0,0,0,0,0,0,0,0,0,0,0,0,0,0,0,0,0,0,0,0,0,0,0,0,0,0,0,0,DET,T.B,OK
DETLB2,9,0,0,0,0,0,0,0,0,0,0,0,0,0,0,0,0,0,0,1,0,0,0,0,0,0,0,0,0,DET,T.B,OK
DETLB3,9,0,0,0,0,0,0,0,0,0,0,0,0,0,0,0,0,0,0,1,0,0,0,0,0,0,0,0,0,DET,T.B,OK
DETLB4,9,0,0,0,0,0,0,0,0,0,0,0,0,0,0,0,0,0,0,0,0,0,0,0,0,0,0,0,0,DET,T.B,OK
DETDB1,9,0,0,0,0,0,0,0,0,0,0,0,0,0,0,0,0,0,0,0,0,0,0,0,0,0,0,0,0,DET,T.B,OK
DETDB2,9,0,0,0,0,0,0,0,0,0,0,0,0,0,0,0,0,0,0,0,0,0,0,0,0,0,0,0,0,DET,T.B,OK
DETDB3,9,0,0,0,0,0,0,0,0,0,0,0,0,0,0,0,0,0,0,0,0,0,0,0,0,0,0,0,0,DET,T.B,OK
DETDB4,9,0,0,0,0,0,0,0,0,0,0,0,0,0,0,0,0,0,0,0,1,2,0,0,0,0,0,0,0,DET,T.B,OK
DETK,9,0,0,0,0,0,0,0,0,0,0,0,0,0,0,0,0,0,0,0,0,0,0,2,1,0,0,0,0,DET,T.B,OK
DETP,9,0,0,0,0,0,0,0,0,0,0,0,0,0,0,0,0,0,0,0,0,0,0,0,0,0,0,0,0,DET,T.B,OK